data_index logTg.observed logTg.predicted.repeat1 logTg.predicted.repeat2 logTg.predicted.repeat3
1 2.708 2.553 2.559 2.560
2 2.852 2.559 2.556 2.560
3 2.818 2.560 2.561 2.558
4 2.718 2.560 2.560 2.566
5 2.755 2.559 2.556 2.556
6 2.769 2.566 2.556 2.556
7 2.742 2.562 2.559 2.558
8 2.727 2.560 2.561 2.561
9 2.785 2.553 2.560 2.566
10 2.822 2.562 2.559 2.566
11 2.842 2.566 2.560 2.561
12 2.745 2.566 2.561 2.558
13 2.750 2.553 2.561 2.561
14 2.751 2.562 2.561 2.566
15 2.779 2.559 2.561 2.566
16 2.756 2.553 2.559 2.560
17 2.767 2.553 2.561 2.558
18 2.846 2.559 2.559 2.558
19 2.746 2.566 2.561 2.556
20 2.810 2.566 2.560 2.561
21 2.726 2.562 2.561 2.558
22 2.672 2.560 2.561 2.560
23 2.681 2.553 2.560 2.561
24 2.810 2.559 2.561 2.556
25 2.763 2.562 2.556 2.566
26 2.752 2.562 2.556 2.566
27 2.792 2.553 2.561 2.566
28 2.790 2.559 2.556 2.556
29 2.783 2.562 2.561 2.566
30 2.778 2.553 2.561 2.558
31 2.799 2.562 2.560 2.560
32 2.909 2.562 2.561 2.558
33 2.887 2.559 2.556 2.556
34 2.777 2.560 2.560 2.558
35 2.696 2.559 2.559 2.556
36 2.733 2.559 2.556 2.560
37 2.785 2.560 2.556 2.556
38 2.808 2.566 2.559 2.560
39 2.687 2.559 2.561 2.556
40 2.759 2.566 2.560 2.558
41 2.721 2.560 2.561 2.566
42 2.732 2.566 2.561 2.560
43 2.819 2.562 2.561 2.560
44 2.688 2.566 2.559 2.556
45 2.590 2.562 2.561 2.566
46 2.290 2.553 2.556 2.556
47 2.651 2.566 2.561 2.558
48 2.558 2.562 2.561 2.558
49 2.513 2.559 2.561 2.561
50 2.368 2.562 2.561 2.558
51 2.549 2.560 2.561 2.561
52 2.700 2.553 2.560 2.561
53 2.636 2.562 2.561 2.558
54 2.436 2.560 2.560 2.558
55 2.272 2.562 2.561 2.560
56 2.467 2.559 2.556 2.558
57 2.500 2.566 2.560 2.566
58 2.512 2.559 2.561 2.560
59 2.520 2.562 2.559 2.560
60 2.516 2.559 2.561 2.561
61 2.238 2.566 2.556 2.556
62 2.322 2.553 2.556 2.558
63 2.697 2.566 2.556 2.558
64 2.559 2.553 2.561 2.561
65 2.325 2.553 2.559 2.558
66 2.414 2.562 2.559 2.558
67 2.400 2.562 2.561 2.556
68 2.308 2.560 2.559 2.558
69 2.308 2.562 2.561 2.566
70 2.314 2.559 2.561 2.561
71 2.500 2.560 2.561 2.560
72 2.511 2.559 2.560 2.556
73 2.388 2.559 2.559 2.556
74 2.587 2.560 2.556 2.560
75 2.316 2.559 2.556 2.560
76 2.362 2.566 2.561 2.561
77 2.554 2.560 2.559 2.561
78 2.583 2.562 2.556 2.558
79 2.541 2.560 2.556 2.558
80 2.350 2.562 2.561 2.560
81 2.277 2.559 2.561 2.566
82 2.463 2.559 2.556 2.560
83 2.290 2.562 2.561 2.560
84 2.573 2.562 2.556 2.561
85 2.699 2.553 2.561 2.566
86 2.543 2.562 2.559 2.566
87 2.497 2.559 2.560 2.566
88 2.555 2.559 2.561 2.556
89 2.576 2.553 2.561 2.556
90 2.618 2.566 2.560 2.566
91 2.348 2.566 2.560 2.560
92 2.589 2.560 2.561 2.566
93 2.170 2.553 2.561 2.561
94 2.420 2.559 2.556 2.560
95 2.367 2.562 2.561 2.560
96 2.400 2.562 2.560 2.558
97 2.405 2.566 2.561 2.560
98 2.344 2.553 2.559 2.561
99 2.314 2.553 2.561 2.556
100 2.288 2.562 2.561 2.556
101 2.316 2.560 2.560 2.566
102 2.274 2.559 2.561 2.560
103 2.288 2.566 2.561 2.566
104 2.316 2.566 2.559 2.566
105 2.295 2.562 2.559 2.558
106 2.592 2.560 2.559 2.558
107 2.480 2.562 2.560 2.558
108 2.340 2.566 2.561 2.561
109 2.452 2.566 2.556 2.558
110 2.415 2.560 2.560 2.560
111 2.479 2.553 2.556 2.566
112 2.400 2.553 2.559 2.561
113 2.514 2.559 2.560 2.558
114 2.367 2.559 2.561 2.556
115 2.403 2.560 2.561 2.561
116 2.338 2.562 2.561 2.558
117 2.435 2.566 2.559 2.558
118 2.483 2.566 2.556 2.566
119 2.170 2.566 2.559 2.561
120 2.338 2.559 2.556 2.560
121 2.428 2.560 2.559 2.556
122 2.467 2.562 2.556 2.560
123 2.489 2.559 2.561 2.558
124 2.510 2.562 2.560 2.558
125 2.510 2.553 2.559 2.561
126 2.578 2.560 2.556 2.561
127 2.540 2.559 2.556 2.558
128 2.430 2.562 2.556 2.560
129 2.554 2.553 2.560 2.561
130 2.290 2.566 2.561 2.561
131 2.467 2.562 2.559 2.556
132 2.576 2.560 2.560 2.556
133 2.555 2.553 2.559 2.558
134 2.483 2.566 2.556 2.560
135 2.562 2.562 2.560 2.561
136 2.578 2.553 2.561 2.561
137 2.308 2.560 2.556 2.558
138 2.579 2.566 2.556 2.566
139 2.621 2.560 2.561 2.561
140 2.272 2.566 2.559 2.556
141 2.588 2.566 2.559 2.558
142 2.542 2.566 2.556 2.558
143 2.352 2.560 2.561 2.566
144 2.514 2.560 2.561 2.556
145 2.538 2.553 2.561 2.556
146 2.537 2.559 2.561 2.561
147 2.612 2.553 2.561 2.560
148 2.572 2.559 2.561 2.556
149 2.354 2.566 2.560 2.561
150 2.695 2.562 2.561 2.560
151 2.559 2.560 2.561 2.566
152 2.408 2.566 2.561 2.561
153 2.593 2.562 2.559 2.556
154 2.643 2.559 2.561 2.561
155 2.548 2.562 2.560 2.558
156 2.693 2.553 2.556 2.566
157 2.522 2.559 2.560 2.556
158 2.635 2.566 2.561 2.560
159 2.626 2.562 2.560 2.566
160 2.535 2.553 2.561 2.556
161 2.572 2.562 2.560 2.558
162 2.348 2.560 2.561 2.558
163 2.348 2.562 2.561 2.556
164 2.290 2.553 2.561 2.560
165 2.560 2.562 2.559 2.556
166 2.449 2.566 2.560 2.556
167 2.542 2.560 2.561 2.556
168 2.593 2.559 2.559 2.561
169 2.590 2.566 2.561 2.566
170 2.579 2.560 2.561 2.560
171 2.320 2.560 2.561 2.560
172 2.408 2.566 2.561 2.560
173 2.612 2.559 2.561 2.561
174 2.279 2.553 2.559 2.566
175 2.308 2.553 2.561 2.566
176 2.316 2.559 2.559 2.556
177 2.318 2.566 2.560 2.561
178 2.328 2.562 2.556 2.560
179 2.497 2.559 2.561 2.558
180 2.502 2.553 2.560 2.566
181 2.504 2.562 2.561 2.556
182 2.518 2.566 2.561 2.561
183 2.520 2.566 2.556 2.561
184 2.413 2.562 2.556 2.561
185 2.446 2.560 2.560 2.558
186 2.522 2.560 2.556 2.561
187 2.572 2.559 2.556 2.558
188 2.573 2.559 2.561 2.558
189 2.367 2.553 2.561 2.566
190 2.340 2.553 2.561 2.560
191 2.367 2.559 2.556 2.558
192 2.578 2.553 2.560 2.560
193 2.562 2.566 2.560 2.560
194 2.338 2.553 2.560 2.556
195 2.290 2.560 2.560 2.566
196 2.310 2.566 2.561 2.566
197 2.403 2.559 2.561 2.560
198 2.342 2.566 2.561 2.561
199 2.403 2.562 2.561 2.560
200 2.498 2.559 2.556 2.556
201 2.504 2.562 2.561 2.558
202 2.509 2.560 2.556 2.558
203 2.423 2.562 2.559 2.558
204 2.431 2.560 2.561 2.561
205 2.467 2.553 2.559 2.556
206 2.477 2.559 2.556 2.566
207 2.522 2.553 2.556 2.558
208 2.542 2.553 2.556 2.560
209 2.578 2.559 2.560 2.560
210 2.433 2.559 2.560 2.566
211 2.653 2.553 2.559 2.560
212 2.518 2.566 2.559 2.566
213 2.594 2.560 2.561 2.561
214 2.610 2.559 2.556 2.560
215 2.592 2.553 2.559 2.561
216 2.571 2.566 2.556 2.566
217 2.643 2.560 2.559 2.556
218 2.582 2.553 2.559 2.558
219 2.589 2.560 2.559 2.556
220 2.580 2.553 2.561 2.566
221 2.555 2.559 2.559 2.556
222 2.560 2.562 2.561 2.556
223 2.583 2.560 2.561 2.560
224 2.587 2.566 2.559 2.558
225 2.560 2.553 2.561 2.561
226 2.535 2.560 2.560 2.566
227 2.542 2.559 2.560 2.560
228 2.561 2.562 2.561 2.558
229 2.549 2.553 2.556 2.566
230 2.548 2.562 2.561 2.566
231 2.595 2.566 2.561 2.556
232 2.605 2.562 2.556 2.558
233 2.514 2.560 2.561 2.560
234 2.528 2.560 2.556 2.560
235 2.538 2.562 2.561 2.558
236 2.626 2.553 2.559 2.561
237 2.648 2.559 2.560 2.556
238 2.607 2.566 2.559 2.560
239 2.601 2.566 2.560 2.556
240 2.558 2.560 2.561 2.558
241 2.529 2.562 2.561 2.556
242 2.493 2.566 2.560 2.560
243 2.504 2.553 2.559 2.566
244 2.597 2.559 2.560 2.566
245 2.561 2.562 2.561 2.561
246 2.569 2.562 2.556 2.560
247 2.548 2.553 2.559 2.566
248 2.548 2.566 2.561 2.558
249 2.594 2.566 2.560 2.558
250 2.650 2.560 2.561 2.556
251 2.661 2.553 2.560 2.560
252 2.598 2.562 2.559 2.556
253 2.669 2.559 2.561 2.566
254 2.607 2.553 2.561 2.566
255 2.650 2.562 2.561 2.560
256 2.599 2.553 2.560 2.566
257 2.659 2.553 2.559 2.561
258 2.656 2.559 2.559 2.558
259 2.660 2.566 2.561 2.566
260 2.619 2.566 2.561 2.561
261 2.580 2.559 2.561 2.566
262 2.566 2.566 2.559 2.558
263 2.498 2.562 2.556 2.556
264 2.516 2.566 2.559 2.561
265 2.505 2.560 2.561 2.566
266 2.498 2.566 2.561 2.561
267 2.516 2.566 2.561 2.561
268 2.553 2.566 2.561 2.561
269 2.543 2.560 2.561 2.560
270 2.548 2.559 2.556 2.566
271 2.559 2.559 2.561 2.558
272 2.578 2.562 2.560 2.558
273 2.582 2.559 2.561 2.561
274 2.583 2.553 2.559 2.561
275 2.595 2.560 2.561 2.560
276 2.670 2.562 2.556 2.560
277 2.618 2.553 2.561 2.560
278 2.600 2.566 2.561 2.560
279 2.613 2.566 2.561 2.566
280 2.594 2.562 2.561 2.566
281 2.623 2.553 2.561 2.566
282 2.567 2.553 2.561 2.566
283 2.344 2.553 2.560 2.561
284 2.358 2.560 2.561 2.558
285 2.371 2.560 2.561 2.558
286 2.378 2.553 2.559 2.561
287 2.382 2.553 2.561 2.561
288 2.396 2.562 2.559 2.566
289 2.635 2.560 2.561 2.560
290 2.627 2.559 2.561 2.566
291 2.498 2.553 2.561 2.556
292 2.677 2.559 2.560 2.556
293 2.636 2.562 2.559 2.561
294 2.636 2.553 2.556 2.556
295 2.435 2.566 2.559 2.556
296 2.444 2.560 2.556 2.566
297 2.444 2.559 2.556 2.560
298 2.453 2.560 2.561 2.566
299 2.456 2.559 2.559 2.560
300 2.467 2.560 2.560 2.556
301 2.470 2.566 2.561 2.561
302 2.486 2.560 2.561 2.566
303 2.491 2.553 2.561 2.560
304 2.495 2.560 2.560 2.556
305 2.498 2.559 2.559 2.566
306 2.500 2.559 2.561 2.556
307 2.505 2.553 2.560 2.561
308 2.510 2.559 2.560 2.561
309 2.510 2.560 2.559 2.561
310 2.628 2.566 2.559 2.558
311 2.518 2.559 2.556 2.560
312 2.518 2.566 2.556 2.558
313 2.525 2.553 2.560 2.566
314 2.535 2.560 2.556 2.566
315 2.543 2.553 2.559 2.566
316 2.544 2.562 2.556 2.558
317 2.555 2.560 2.559 2.558
318 2.555 2.562 2.561 2.558
319 2.556 2.562 2.561 2.566
320 2.556 2.553 2.561 2.556
321 2.560 2.559 2.561 2.560
322 2.568 2.559 2.559 2.556
323 2.573 2.560 2.556 2.558
324 2.575 2.560 2.560 2.561
325 2.576 2.562 2.559 2.556
326 2.576 2.559 2.559 2.556
327 2.578 2.559 2.561 2.561
328 2.560 2.559 2.560 2.566
329 2.578 2.562 2.556 2.558
330 2.584 2.560 2.561 2.558
331 2.584 2.562 2.561 2.566
332 2.586 2.562 2.561 2.560
333 2.587 2.560 2.561 2.561
334 2.588 2.553 2.559 2.561
335 2.594 2.559 2.561 2.560
336 2.594 2.562 2.561 2.561
337 2.595 2.553 2.561 2.558
338 2.597 2.566 2.559 2.558
339 2.600 2.562 2.559 2.560
340 2.603 2.559 2.556 2.560
341 2.604 2.559 2.560 2.561
342 2.608 2.560 2.556 2.561
343 2.614 2.562 2.556 2.556
344 2.612 2.566 2.559 2.560
345 2.616 2.562 2.561 2.561
346 2.618 2.562 2.561 2.561
347 2.619 2.553 2.556 2.558
348 2.620 2.553 2.559 2.560
349 2.621 2.562 2.560 2.566
350 2.621 2.559 2.561 2.560
351 2.312 2.562 2.561 2.558
352 2.337 2.562 2.556 2.561
353 2.358 2.560 2.559 2.566
354 2.367 2.562 2.561 2.566
355 2.386 2.560 2.561 2.566
356 2.406 2.562 2.561 2.560
357 2.415 2.562 2.561 2.556
358 2.495 2.566 2.560 2.558
359 2.504 2.553 2.556 2.566
360 2.474 2.559 2.561 2.566
361 2.516 2.560 2.559 2.561
362 2.358 2.566 2.559 2.566
363 2.573 2.566 2.561 2.566
364 2.518 2.566 2.559 2.566
365 2.548 2.566 2.559 2.560
366 2.560 2.553 2.560 2.556
367 2.560 2.553 2.559 2.558
368 2.572 2.566 2.556 2.556
369 2.591 2.566 2.561 2.561
370 2.603 2.553 2.561 2.556
371 2.634 2.553 2.560 2.558
372 2.589 2.553 2.556 2.558
373 2.605 2.560 2.556 2.561
374 2.610 2.559 2.561 2.556
375 2.613 2.566 2.559 2.556
376 2.623 2.566 2.559 2.556
377 2.598 2.559 2.556 2.561
378 2.622 2.566 2.560 2.556
379 2.624 2.566 2.559 2.566
380 2.625 2.560 2.559 2.560
381 2.643 2.559 2.556 2.561
382 2.647 2.562 2.559 2.561
383 2.652 2.566 2.560 2.556
384 2.652 2.553 2.556 2.556
385 2.669 2.560 2.556 2.558
386 2.675 2.553 2.559 2.556
387 2.683 2.553 2.560 2.556
388 2.683 2.562 2.556 2.560
389 2.699 2.562 2.559 2.566
390 2.703 2.562 2.561 2.560
391 2.709 2.562 2.560 2.560
392 2.716 2.560 2.559 2.556
393 2.716 2.553 2.559 2.556
394 2.733 2.562 2.561 2.566
395 2.737 2.560 2.556 2.566
396 2.758 2.559 2.561 2.560
397 2.763 2.566 2.556 2.561
398 2.766 2.562 2.560 2.556
399 2.773 2.562 2.561 2.558
400 2.783 2.553 2.559 2.558
401 2.789 2.559 2.560 2.566
402 2.791 2.553 2.561 2.561
403 2.818 2.553 2.561 2.560
404 2.825 2.553 2.561 2.558
405 2.828 2.559 2.561 2.556
406 2.510 2.560 2.561 2.560
407 2.342 2.566 2.561 2.556
408 2.380 2.559 2.561 2.556
409 2.528 2.560 2.559 2.566
410 2.537 2.562 2.560 2.566
411 2.550 2.562 2.560 2.560
412 2.556 2.562 2.561 2.558
413 2.599 2.566 2.561 2.566
414 2.605 2.566 2.559 2.560
415 2.614 2.560 2.561 2.556
416 2.736 2.566 2.561 2.561
417 2.623 2.553 2.556 2.561
418 2.572 2.566 2.561 2.558
419 2.693 2.559 2.559 2.558
420 2.299 2.566 2.560 2.561
421 2.612 2.560 2.561 2.566
422 2.279 2.553 2.556 2.560
423 2.403 2.560 2.560 2.556
424 2.283 2.553 2.559 2.561
425 2.274 2.566 2.560 2.558
426 2.292 2.560 2.561 2.558
427 2.295 2.560 2.559 2.560
428 2.314 2.562 2.561 2.560
429 2.324 2.553 2.561 2.561
430 2.328 2.566 2.556 2.566
431 2.328 2.553 2.561 2.560
432 2.579 2.560 2.556 2.566
433 2.449 2.560 2.561 2.566
434 2.400 2.566 2.561 2.560
435 2.403 2.553 2.556 2.560
436 2.498 2.559 2.561 2.561
437 2.340 2.553 2.556 2.561
438 2.578 2.560 2.560 2.556
439 2.510 2.559 2.556 2.561
440 2.514 2.559 2.556 2.561
441 2.563 2.562 2.561 2.560
442 2.562 2.562 2.561 2.566
443 2.580 2.566 2.560 2.556
444 2.594 2.562 2.559 2.566
445 2.538 2.562 2.561 2.556
446 2.403 2.566 2.561 2.560
447 2.334 2.559 2.560 2.560
448 2.334 2.566 2.561 2.561
449 2.360 2.559 2.560 2.561
450 2.502 2.560 2.560 2.560
451 2.518 2.566 2.556 2.556
452 2.428 2.562 2.561 2.561
453 2.467 2.562 2.556 2.556
454 2.467 2.559 2.560 2.558
455 2.483 2.562 2.556 2.558
456 2.486 2.560 2.560 2.560
457 2.431 2.560 2.560 2.556
458 2.594 2.559 2.556 2.558
459 2.469 2.562 2.560 2.561
460 2.427 2.562 2.556 2.561
461 2.412 2.566 2.560 2.558
462 2.384 2.559 2.560 2.561
463 2.347 2.560 2.559 2.556
464 2.339 2.553 2.559 2.566
465 2.436 2.566 2.560 2.556
466 2.470 2.566 2.556 2.556
467 2.427 2.553 2.561 2.566
468 2.364 2.553 2.560 2.561
469 2.339 2.553 2.561 2.558
470 2.452 2.560 2.560 2.558
471 2.329 2.553 2.561 2.558
472 2.501 2.566 2.556 2.561
473 2.373 2.566 2.556 2.561
474 2.482 2.553 2.559 2.558
475 2.321 2.553 2.560 2.556
476 2.314 2.562 2.559 2.566
477 2.312 2.560 2.556 2.558
478 2.321 2.562 2.561 2.560
479 2.318 2.562 2.556 2.560
480 2.459 2.560 2.560 2.561
481 2.461 2.562 2.556 2.558
482 2.594 2.553 2.560 2.560
483 2.371 2.566 2.561 2.556
484 2.456 2.562 2.560 2.566
485 2.636 2.566 2.561 2.566
486 2.591 2.559 2.561 2.558
487 2.603 2.559 2.559 2.558
488 2.522 2.553 2.556 2.561
489 2.447 2.566 2.556 2.556
490 2.495 2.562 2.556 2.556
491 2.537 2.566 2.561 2.566
492 2.512 2.560 2.560 2.558
493 2.530 2.566 2.556 2.561
494 2.605 2.553 2.559 2.566
495 2.580 2.562 2.559 2.560
496 2.656 2.566 2.561 2.558
497 2.209 2.566 2.556 2.560
498 2.581 2.562 2.561 2.558
499 2.675 2.559 2.561 2.556
500 2.644 2.566 2.556 2.558
501 2.656 2.566 2.559 2.556
502 2.446 2.559 2.561 2.560
503 2.583 2.553 2.559 2.560
504 2.398 2.553 2.559 2.558
505 2.538 2.559 2.561 2.566
506 2.537 2.553 2.560 2.566
507 2.513 2.560 2.561 2.566
508 2.520 2.566 2.561 2.558
509 2.510 2.566 2.556 2.556
510 2.442 2.566 2.561 2.560
511 2.554 2.560 2.561 2.566
512 2.560 2.560 2.561 2.556
513 2.530 2.559 2.561 2.560
514 2.412 2.562 2.559 2.558
515 2.431 2.560 2.560 2.556
516 2.481 2.560 2.561 2.561
517 2.473 2.559 2.559 2.566
518 2.338 2.553 2.561 2.561
519 2.459 2.566 2.561 2.561
520 2.386 2.559 2.559 2.556
521 2.338 2.562 2.561 2.558
522 2.452 2.562 2.561 2.561
523 2.489 2.562 2.556 2.566
524 2.332 2.560 2.556 2.566
525 2.337 2.560 2.561 2.558
526 2.493 2.559 2.560 2.556
527 2.531 2.566 2.559 2.556
528 2.510 2.566 2.561 2.558
529 2.297 2.566 2.559 2.566
530 2.382 2.566 2.559 2.561
531 2.371 2.566 2.560 2.566
532 2.554 2.560 2.559 2.558
533 2.350 2.566 2.560 2.558
534 2.373 2.560 2.560 2.566
535 2.377 2.560 2.559 2.558
536 2.393 2.559 2.561 2.561
537 2.426 2.553 2.560 2.560
538 2.431 2.559 2.561 2.558
539 2.373 2.553 2.561 2.566
540 2.473 2.553 2.561 2.566
541 2.400 2.559 2.556 2.558
542 2.328 2.562 2.556 2.556
543 2.308 2.560 2.561 2.556
544 2.305 2.553 2.559 2.566
545 2.474 2.559 2.561 2.556
546 2.512 2.559 2.560 2.566
547 2.312 2.559 2.560 2.558
548 2.369 2.559 2.556 2.566
549 2.348 2.566 2.560 2.556
550 2.456 2.559 2.560 2.556
551 2.522 2.566 2.556 2.566
552 2.367 2.562 2.561 2.561
553 2.398 2.560 2.559 2.560
554 2.505 2.560 2.560 2.561
555 2.491 2.566 2.561 2.558
556 2.348 2.560 2.560 2.556
557 2.358 2.559 2.561 2.561
558 2.400 2.559 2.561 2.566
559 2.504 2.560 2.556 2.560
560 2.332 2.559 2.561 2.566
561 2.334 2.553 2.559 2.566
562 2.367 2.566 2.560 2.560
563 2.295 2.566 2.561 2.560
564 2.318 2.562 2.561 2.561
565 2.500 2.559 2.561 2.558
566 2.330 2.562 2.559 2.560
567 2.590 2.553 2.556 2.558
568 2.569 2.566 2.561 2.558
569 2.530 2.560 2.561 2.558
570 2.543 2.562 2.560 2.558
571 2.540 2.553 2.556 2.556
572 2.574 2.553 2.560 2.561
573 2.565 2.562 2.561 2.561
574 2.540 2.560 2.560 2.561
575 2.555 2.559 2.561 2.561
576 2.530 2.560 2.556 2.560
577 2.502 2.553 2.561 2.561
578 2.530 2.566 2.561 2.566
579 2.504 2.560 2.561 2.561
580 2.560 2.560 2.560 2.558
581 2.533 2.559 2.556 2.556
582 2.545 2.562 2.560 2.561
583 2.566 2.553 2.561 2.566
584 2.558 2.566 2.561 2.560
585 2.509 2.562 2.561 2.558
586 2.545 2.553 2.560 2.556
587 2.562 2.562 2.556 2.556
588 2.571 2.559 2.559 2.561
589 2.535 2.559 2.560 2.558
590 2.575 2.562 2.561 2.566
591 2.561 2.560 2.561 2.556
592 2.572 2.559 2.559 2.560
593 2.631 2.559 2.560 2.566
594 2.579 2.562 2.561 2.556
595 2.569 2.562 2.561 2.558
596 2.549 2.560 2.561 2.560
597 2.540 2.559 2.561 2.558
598 2.522 2.562 2.561 2.556
599 2.517 2.562 2.561 2.560
600 2.512 2.560 2.560 2.561
601 2.473 2.559 2.561 2.566
602 2.452 2.559 2.559 2.558
603 2.367 2.566 2.560 2.566
604 2.308 2.559 2.561 2.561
605 2.553 2.559 2.560 2.556
606 2.554 2.553 2.560 2.558
607 2.627 2.553 2.561 2.566
608 2.642 2.553 2.559 2.566
609 2.642 2.559 2.560 2.566
610 2.646 2.553 2.561 2.556
611 2.646 2.566 2.559 2.561
612 2.648 2.562 2.561 2.556
613 2.656 2.566 2.561 2.560
614 2.659 2.553 2.559 2.561
615 2.659 2.562 2.561 2.561
616 2.660 2.553 2.560 2.561
617 2.694 2.562 2.561 2.556
618 2.517 2.553 2.559 2.558
619 2.476 2.562 2.556 2.560
620 2.533 2.560 2.560 2.558
621 2.600 2.560 2.560 2.566
622 2.643 2.566 2.556 2.556
623 2.545 2.553 2.561 2.566
624 2.542 2.566 2.561 2.566
625 2.438 2.553 2.559 2.556
626 2.318 2.559 2.556 2.556
627 2.590 2.559 2.556 2.566
628 2.538 2.560 2.559 2.556
629 2.508 2.562 2.561 2.566
630 2.514 2.560 2.560 2.560
631 2.495 2.553 2.560 2.566
632 2.556 2.560 2.559 2.558
633 2.636 2.566 2.561 2.556
634 2.616 2.566 2.556 2.561
635 2.636 2.559 2.560 2.560
636 2.665 2.553 2.561 2.566
637 2.599 2.559 2.561 2.558
638 2.588 2.559 2.561 2.561
639 2.568 2.566 2.561 2.556
640 2.662 2.566 2.561 2.556
641 2.612 2.559 2.560 2.566
642 2.493 2.560 2.560 2.558
643 2.403 2.566 2.556 2.566
644 2.470 2.560 2.560 2.560
645 2.631 2.562 2.560 2.561
646 2.513 2.566 2.556 2.556
647 2.505 2.559 2.561 2.561
648 2.548 2.560 2.560 2.561
649 2.555 2.566 2.560 2.566
650 2.531 2.559 2.561 2.560
651 2.653 2.560 2.556 2.556
652 2.600 2.553 2.556 2.556
653 2.572 2.560 2.561 2.556
654 2.600 2.559 2.561 2.558
655 2.559 2.559 2.560 2.561
656 2.505 2.560 2.556 2.560
657 2.526 2.562 2.560 2.556
658 2.574 2.559 2.559 2.566
659 2.639 2.562 2.561 2.560
660 2.644 2.566 2.561 2.560
661 2.605 2.566 2.556 2.556
662 2.642 2.566 2.561 2.560
663 2.412 2.566 2.561 2.556
664 2.447 2.553 2.561 2.561
665 2.600 2.553 2.559 2.566
666 2.438 2.559 2.556 2.560
667 2.603 2.562 2.556 2.558
668 2.520 2.559 2.560 2.566
669 2.517 2.566 2.560 2.560
670 2.114 2.560 2.561 2.560
671 2.233 2.553 2.561 2.566
672 2.238 2.566 2.561 2.566
673 2.272 2.559 2.556 2.561
674 2.299 2.562 2.561 2.566
675 2.299 2.566 2.559 2.556
676 2.308 2.560 2.560 2.566
677 2.348 2.566 2.561 2.556
678 2.348 2.560 2.559 2.561
679 2.406 2.560 2.560 2.560
680 2.518 2.562 2.561 2.556
681 2.525 2.553 2.556 2.561
682 2.537 2.562 2.559 2.558
683 2.538 2.566 2.561 2.561
684 2.540 2.559 2.560 2.560
685 2.560 2.560 2.559 2.556
686 2.560 2.559 2.561 2.560
687 2.560 2.566 2.560 2.556
688 2.563 2.553 2.561 2.560
689 2.566 2.559 2.559 2.556
690 2.584 2.553 2.561 2.566
691 2.588 2.553 2.560 2.558
692 2.589 2.562 2.556 2.560
693 2.589 2.562 2.560 2.556
694 2.591 2.560 2.559 2.561
695 2.593 2.560 2.556 2.560
696 2.594 2.559 2.556 2.556
697 2.595 2.559 2.560 2.566
698 2.614 2.553 2.559 2.556
699 2.618 2.559 2.556 2.558
700 2.622 2.560 2.561 2.561
701 2.622 2.560 2.561 2.566
702 2.628 2.560 2.560 2.560
703 2.634 2.560 2.561 2.560
704 2.635 2.562 2.561 2.558
705 2.636 2.562 2.556 2.558
706 2.660 2.566 2.556 2.556
707 2.662 2.562 2.559 2.558
708 2.675 2.553 2.561 2.560
709 2.677 2.559 2.559 2.561
710 2.679 2.559 2.561 2.561
711 2.686 2.553 2.556 2.561
712 2.694 2.560 2.560 2.561
713 2.702 2.560 2.561 2.558
714 2.710 2.553 2.556 2.560
715 2.719 2.566 2.556 2.561
716 2.732 2.560 2.556 2.560
717 2.735 2.560 2.561 2.560
718 2.740 2.562 2.561 2.558
719 2.762 2.559 2.560 2.558
720 2.764 2.560 2.560 2.556
721 2.777 2.553 2.556 2.561
722 2.778 2.553 2.560 2.566
723 2.791 2.566 2.559 2.556
724 2.795 2.559 2.561 2.556
725 2.797 2.559 2.556 2.556
726 2.616 2.562 2.556 2.558
727 2.491 2.559 2.556 2.560
728 2.526 2.562 2.556 2.561
729 2.581 2.553 2.559 2.558
730 2.639 2.560 2.561 2.556
731 2.594 2.560 2.559 2.561
732 2.318 2.559 2.556 2.558
733 2.666 2.562 2.560 2.561
734 2.534 2.566 2.560 2.566
735 2.344 2.562 2.560 2.566
736 2.592 2.562 2.556 2.556
737 2.398 2.566 2.561 2.560
738 2.444 2.560 2.556 2.566
739 2.467 2.562 2.559 2.560
740 2.610 2.562 2.561 2.566
741 2.584 2.553 2.561 2.560
742 2.375 2.553 2.561 2.566
743 2.514 2.560 2.559 2.558
744 2.602 2.553 2.560 2.558
745 2.622 2.562 2.556 2.561
746 2.605 2.562 2.560 2.558
747 2.484 2.560 2.560 2.560
748 2.342 2.562 2.559 2.560
749 2.484 2.559 2.561 2.560
750 2.364 2.559 2.559 2.561
751 2.358 2.559 2.561 2.561
752 2.562 2.559 2.556 2.561
753 2.505 2.562 2.556 2.556
754 2.656 2.566 2.559 2.561
755 2.459 2.553 2.559 2.566
756 2.504 2.562 2.556 2.561
757 2.614 2.553 2.559 2.566
758 2.618 2.562 2.561 2.560
759 2.622 2.559 2.561 2.560
760 2.627 2.562 2.561 2.560
761 2.642 2.560 2.561 2.566
762 2.645 2.562 2.559 2.560
763 2.647 2.560 2.556 2.566
764 2.652 2.560 2.560 2.560
765 2.654 2.560 2.561 2.556
766 2.656 2.553 2.560 2.566
767 2.656 2.562 2.561 2.556
768 2.662 2.559 2.561 2.566
769 2.664 2.553 2.559 2.560
770 2.666 2.559 2.560 2.561
771 2.670 2.560 2.559 2.561
772 2.670 2.560 2.561 2.566
773 2.672 2.562 2.561 2.556
774 2.675 2.560 2.559 2.556
775 2.675 2.566 2.556 2.556
776 2.680 2.559 2.561 2.566
777 2.680 2.560 2.559 2.560
778 2.684 2.559 2.559 2.561
779 2.684 2.559 2.560 2.560
780 2.689 2.559 2.559 2.566
781 2.689 2.560 2.559 2.566
782 2.693 2.566 2.561 2.560
783 2.693 2.560 2.561 2.558
784 2.694 2.559 2.561 2.560
785 2.694 2.559 2.559 2.556
786 2.695 2.562 2.560 2.560
787 2.697 2.553 2.559 2.558
788 2.697 2.562 2.560 2.558
789 2.699 2.562 2.560 2.560
790 2.699 2.553 2.561 2.560
791 2.700 2.562 2.561 2.561
792 2.700 2.562 2.559 2.556
793 2.702 2.566 2.556 2.558
794 2.705 2.566 2.559 2.561
795 2.706 2.553 2.556 2.561
796 2.708 2.553 2.560 2.561
797 2.708 2.560 2.556 2.560
798 2.710 2.560 2.559 2.558
799 2.710 2.553 2.560 2.561
800 2.715 2.566 2.561 2.558
801 2.719 2.559 2.559 2.558
802 2.719 2.562 2.561 2.566
803 2.719 2.560 2.560 2.561
804 2.728 2.553 2.556 2.560
805 2.731 2.566 2.561 2.560
806 2.731 2.553 2.561 2.566
807 2.731 2.559 2.560 2.560
808 2.735 2.566 2.556 2.560
809 2.740 2.553 2.561 2.558
810 2.743 2.553 2.560 2.558
811 2.744 2.553 2.556 2.566
812 2.795 2.560 2.559 2.560
813 2.801 2.566 2.561 2.556
814 2.719 2.566 2.561 2.556
815 2.764 2.560 2.556 2.561
816 2.732 2.560 2.559 2.558
817 2.791 2.566 2.560 2.556
818 2.740 2.560 2.559 2.566
819 2.737 2.553 2.560 2.560
820 2.767 2.559 2.559 2.561
821 2.777 2.559 2.556 2.566
822 2.821 2.560 2.561 2.566
823 2.818 2.553 2.559 2.556
824 2.831 2.566 2.556 2.558
825 2.766 2.553 2.556 2.561
826 2.839 2.553 2.561 2.558
827 2.815 2.566 2.559 2.558
828 2.769 2.553 2.560 2.561
829 2.773 2.560 2.561 2.558
830 2.823 2.566 2.561 2.558
831 2.814 2.566 2.561 2.558
832 2.795 2.560 2.561 2.556
833 2.791 2.553 2.560 2.560
834 2.795 2.559 2.561 2.560
835 2.801 2.562 2.561 2.558
836 2.762 2.566 2.561 2.558
837 2.797 2.560 2.559 2.556
838 2.810 2.566 2.561 2.556
839 2.791 2.566 2.561 2.566
840 2.789 2.560 2.561 2.556
841 2.772 2.559 2.561 2.556
842 2.763 2.559 2.559 2.556
843 2.758 2.566 2.556 2.561
844 2.762 2.566 2.556 2.560
845 2.725 2.559 2.561 2.560
846 2.706 2.560 2.560 2.566
847 2.723 2.566 2.561 2.561
848 2.808 2.566 2.560 2.561
849 2.795 2.553 2.561 2.556
850 2.762 2.566 2.559 2.561
851 2.778 2.559 2.556 2.556
852 2.812 2.560 2.561 2.556
853 2.768 2.560 2.559 2.561
854 2.730 2.553 2.559 2.556
855 2.762 2.560 2.561 2.566
856 2.740 2.562 2.556 2.561
857 2.756 2.553 2.556 2.558
858 2.758 2.553 2.561 2.560
859 2.778 2.553 2.561 2.558
860 2.762 2.560 2.556 2.561
861 2.821 2.560 2.556 2.558
862 2.821 2.560 2.561 2.556
863 2.788 2.553 2.559 2.561
864 2.817 2.553 2.560 2.561
865 2.838 2.559 2.560 2.560
866 2.808 2.553 2.556 2.560
867 2.805 2.553 2.561 2.561
868 2.812 2.566 2.556 2.560
869 2.777 2.562 2.559 2.566
870 2.714 2.559 2.561 2.556
871 2.788 2.562 2.559 2.558
