data_index logTg.observed logTg.predicted.repeat1 logTg.predicted.repeat2 logTg.predicted.repeat3
1 2.708 2.252 2.252 2.252
2 2.852 2.399 2.379 2.377
3 2.818 2.580 2.591 2.581
4 2.718 2.446 2.518 2.527
5 2.755 2.575 2.565 2.594
6 2.769 2.381 2.381 2.381
7 2.742 2.479 2.435 2.455
8 2.727 2.520 2.523 2.444
9 2.785 2.313 2.321 2.320
10 2.822 2.519 2.515 2.514
11 2.842 2.567 2.564 2.540
12 2.745 2.614 2.652 2.720
13 2.750 2.577 2.564 2.604
14 2.751 2.640 2.618 2.624
15 2.779 2.701 2.653 2.692
16 2.756 2.501 2.516 2.495
17 2.767 2.533 2.550 2.529
18 2.846 2.588 2.619 2.594
19 2.746 2.618 2.578 2.638
20 2.810 2.628 2.626 2.630
21 2.726 2.628 2.644 2.659
22 2.672 2.418 2.412 2.410
23 2.681 2.631 2.604 2.586
24 2.810 2.621 2.628 2.609
25 2.763 2.540 2.580 2.570
26 2.752 2.626 2.629 2.640
27 2.792 2.598 2.597 2.577
28 2.790 2.520 2.692 2.689
29 2.783 2.508 2.548 2.571
30 2.778 2.677 2.696 2.574
31 2.799 2.444 2.487 2.485
32 2.909 2.467 2.494 2.475
33 2.887 2.525 2.523 2.518
34 2.777 2.515 2.524 2.505
35 2.696 2.423 2.389 2.391
36 2.733 2.458 2.473 2.482
37 2.785 2.661 2.712 2.711
38 2.808 2.449 2.499 2.501
39 2.687 2.659 2.660 2.425
40 2.759 2.481 2.489 2.424
41 2.721 2.539 2.539 2.552
42 2.732 2.504 2.515 2.510
43 2.819 2.537 2.584 2.586
44 2.688 2.436 2.441 2.432
45 2.590 2.602 2.601 2.595
46 2.290 2.327 2.284 2.288
47 2.651 2.522 2.513 2.488
48 2.558 2.352 2.372 2.374
49 2.513 2.457 2.481 2.489
50 2.368 2.316 2.490 2.437
51 2.549 2.380 2.389 2.426
52 2.700 2.427 2.450 2.440
53 2.636 2.775 2.747 2.790
54 2.436 2.567 2.542 2.578
55 2.272 2.361 2.354 2.350
56 2.467 2.548 2.583 2.596
57 2.500 2.620 2.598 2.588
58 2.512 2.425 2.425 2.425
59 2.520 2.566 2.540 2.550
60 2.516 2.301 2.363 2.276
61 2.238 2.408 2.408 2.408
62 2.322 2.423 2.404 2.395
63 2.697 2.670 2.660 2.609
64 2.559 2.764 2.416 2.411
65 2.325 2.318 2.300 2.319
66 2.414 2.405 2.405 2.397
67 2.400 2.437 2.424 2.420
68 2.308 2.429 2.414 2.411
69 2.308 2.381 2.381 2.395
70 2.314 2.406 2.392 2.397
71 2.500 2.539 2.499 2.482
72 2.511 2.610 2.536 2.502
73 2.388 2.551 2.542 2.547
74 2.587 2.555 2.540 2.533
75 2.316 2.394 2.386 2.391
76 2.362 2.361 2.356 2.363
77 2.554 2.443 2.437 2.453
78 2.583 2.597 2.695 2.686
79 2.541 2.664 2.671 2.673
80 2.350 2.340 2.381 2.387
81 2.277 2.433 2.415 2.460
82 2.463 2.565 2.577 2.613
83 2.290 2.440 2.396 2.405
84 2.573 2.565 2.530 2.500
85 2.699 2.449 2.473 2.464
86 2.543 2.461 2.461 2.494
87 2.497 2.273 2.391 2.273
88 2.555 2.478 2.460 2.516
89 2.576 2.476 2.476 2.314
90 2.618 2.518 2.518 2.518
91 2.348 2.438 2.430 2.428
92 2.589 2.430 2.438 2.426
93 2.170 2.307 2.288 2.363
94 2.420 2.493 2.542 2.556
95 2.367 2.302 2.417 2.305
96 2.400 2.392 2.402 2.438
97 2.405 2.361 2.429 2.421
98 2.344 2.262 2.283 2.327
99 2.314 2.454 2.454 2.454
100 2.288 2.307 2.356 2.321
101 2.316 2.292 2.323 2.298
102 2.274 2.351 2.365 2.347
103 2.288 2.318 2.334 2.317
104 2.316 2.347 2.350 2.385
105 2.295 2.280 2.300 2.319
106 2.592 2.541 2.661 2.620
107 2.480 2.369 2.358 2.368
108 2.340 2.413 2.394 2.410
109 2.452 2.441 2.418 2.451
110 2.415 2.358 2.443 2.360
111 2.479 2.467 2.435 2.426
112 2.400 2.469 2.470 2.468
113 2.514 2.602 2.566 2.473
114 2.367 2.449 2.303 2.303
115 2.403 2.407 2.412 2.429
116 2.338 2.348 2.336 2.359
117 2.435 2.483 2.493 2.481
118 2.483 2.409 2.387 2.407
119 2.170 2.441 2.390 2.390
120 2.338 2.424 2.428 2.477
121 2.428 2.328 2.328 2.358
122 2.467 2.391 2.395 2.421
123 2.489 2.558 2.559 2.532
124 2.510 2.575 2.570 2.551
125 2.510 2.492 2.408 2.500
126 2.578 2.624 2.605 2.614
127 2.540 2.484 2.476 2.483
128 2.430 2.346 2.349 2.446
129 2.554 2.414 2.414 2.410
130 2.290 2.486 2.554 2.531
131 2.467 2.553 2.495 2.545
132 2.576 2.642 2.638 2.613
133 2.555 2.536 2.563 2.580
134 2.483 2.530 2.509 2.518
135 2.562 2.553 2.575 2.608
136 2.578 2.410 2.416 2.407
137 2.308 2.311 2.281 2.292
138 2.579 2.485 2.416 2.369
139 2.621 2.366 2.521 2.521
140 2.272 2.296 2.296 2.294
141 2.588 2.488 2.487 2.518
142 2.542 2.441 2.441 2.441
143 2.352 2.608 2.607 2.608
144 2.514 2.599 2.578 2.586
145 2.538 2.848 2.827 2.841
146 2.537 2.440 2.455 2.447
147 2.612 2.448 2.455 2.449
148 2.572 2.506 2.513 2.531
149 2.354 2.422 2.611 2.609
150 2.695 2.514 2.491 2.493
151 2.559 2.549 2.543 2.528
152 2.408 2.457 2.325 2.429
153 2.593 2.459 2.485 2.478
154 2.643 2.513 2.544 2.528
155 2.548 2.595 2.586 2.551
156 2.693 2.520 2.523 2.517
157 2.522 2.342 2.450 2.451
158 2.635 2.469 2.478 2.468
159 2.626 2.345 2.358 2.442
160 2.535 2.504 2.532 2.532
161 2.572 2.452 2.452 2.450
162 2.348 2.480 2.466 2.444
163 2.348 2.445 2.448 2.421
164 2.290 2.441 2.270 2.270
165 2.560 2.438 2.430 2.416
166 2.449 2.507 2.496 2.474
167 2.542 2.441 2.442 2.441
168 2.593 2.481 2.487 2.482
169 2.590 2.546 2.534 2.540
170 2.579 2.538 2.509 2.501
171 2.320 2.308 2.358 2.299
172 2.408 2.332 2.339 2.330
173 2.612 2.423 2.512 2.512
174 2.279 2.406 2.404 2.406
175 2.308 2.420 2.393 2.388
176 2.316 2.217 2.307 2.208
177 2.318 2.434 2.433 2.460
178 2.328 2.423 2.416 2.410
179 2.497 2.317 2.354 2.413
180 2.502 2.547 2.563 2.560
181 2.504 2.466 2.426 2.471
182 2.518 2.479 2.463 2.460
183 2.520 2.319 2.415 2.364
184 2.413 2.444 2.363 2.340
185 2.446 2.447 2.513 2.515
186 2.522 2.418 2.503 2.352
187 2.572 2.506 2.507 2.502
188 2.573 2.548 2.583 2.567
189 2.367 2.449 2.297 2.303
190 2.340 2.380 2.379 2.410
191 2.367 2.297 2.304 2.408
192 2.578 2.624 2.609 2.501
193 2.562 2.545 2.541 2.546
194 2.338 2.438 2.428 2.477
195 2.290 2.441 2.440 2.478
196 2.310 2.313 2.335 2.326
197 2.403 2.354 2.359 2.389
198 2.342 2.308 2.328 2.330
199 2.403 2.287 2.399 2.278
200 2.498 2.329 2.335 2.335
201 2.504 2.496 2.485 2.488
202 2.509 2.349 2.353 2.352
203 2.423 2.513 2.488 2.499
204 2.431 2.392 2.370 2.369
205 2.467 2.367 2.389 2.402
206 2.477 2.458 2.312 2.311
207 2.522 2.356 2.337 2.355
208 2.542 2.413 2.424 2.403
209 2.578 2.416 2.423 2.399
210 2.433 2.464 2.472 2.475
211 2.653 2.536 2.532 2.619
212 2.518 2.580 2.584 2.573
213 2.594 2.554 2.596 2.567
214 2.610 2.780 2.757 2.662
215 2.592 2.579 2.551 2.554
216 2.571 2.573 2.563 2.550
217 2.643 2.629 2.625 2.641
218 2.582 2.698 2.602 2.691
219 2.589 2.508 2.594 2.691
220 2.580 2.662 2.665 2.655
221 2.555 2.632 2.638 2.572
222 2.560 2.705 2.705 2.704
223 2.583 2.636 2.629 2.608
224 2.587 2.613 2.631 2.607
225 2.560 2.551 2.585 2.588
226 2.535 2.545 2.522 2.557
227 2.542 2.620 2.617 2.590
228 2.561 2.642 2.652 2.622
229 2.549 2.560 2.565 2.569
230 2.548 2.639 2.633 2.600
231 2.595 2.576 2.615 2.583
232 2.605 2.663 2.628 2.656
233 2.514 2.548 2.529 2.528
234 2.528 2.672 2.657 2.655
235 2.538 2.563 2.524 2.531
236 2.626 2.581 2.681 2.657
237 2.648 2.714 2.695 2.692
238 2.607 2.596 2.601 2.590
239 2.601 2.565 2.648 2.647
240 2.558 2.548 2.574 2.559
241 2.529 2.518 2.542 2.547
242 2.493 2.544 2.557 2.542
243 2.504 2.563 2.510 2.507
244 2.597 2.551 2.564 2.566
245 2.561 2.567 2.584 2.570
246 2.569 2.605 2.573 2.640
247 2.548 2.625 2.653 2.612
248 2.548 2.515 2.614 2.605
249 2.594 2.590 2.568 2.602
250 2.650 2.610 2.636 2.609
251 2.661 2.708 2.663 2.704
252 2.598 2.601 2.571 2.594
253 2.669 2.722 2.764 2.683
254 2.607 2.703 2.613 2.679
255 2.650 2.622 2.619 2.621
256 2.599 2.637 2.730 2.731
257 2.659 2.670 2.672 2.668
258 2.656 2.615 2.648 2.638
259 2.660 2.647 2.674 2.658
260 2.619 2.668 2.647 2.622
261 2.580 2.623 2.637 2.641
262 2.566 2.556 2.546 2.554
263 2.498 2.599 2.597 2.596
264 2.516 2.543 2.593 2.577
265 2.505 2.589 2.588 2.579
266 2.498 2.574 2.586 2.580
267 2.516 2.562 2.544 2.558
268 2.553 2.501 2.608 2.601
269 2.543 2.598 2.565 2.590
270 2.548 2.554 2.568 2.590
271 2.559 2.590 2.573 2.560
272 2.578 2.647 2.632 2.624
273 2.582 2.628 2.646 2.622
274 2.583 2.622 2.599 2.636
275 2.595 2.599 2.592 2.593
276 2.670 2.735 2.739 2.708
277 2.618 2.668 2.608 2.672
278 2.600 2.667 2.652 2.640
279 2.613 2.588 2.725 2.615
280 2.594 2.535 2.568 2.585
281 2.623 2.537 2.578 2.644
282 2.567 2.518 2.568 2.572
283 2.344 2.409 2.303 2.364
284 2.358 2.378 2.370 2.379
285 2.371 2.380 2.402 2.402
286 2.378 2.365 2.373 2.363
287 2.382 2.179 2.160 2.353
288 2.396 2.482 2.501 2.502
289 2.635 2.458 2.485 2.469
290 2.627 2.495 2.500 2.523
291 2.498 2.483 2.526 2.495
292 2.677 2.503 2.513 2.498
293 2.636 2.602 2.601 2.724
294 2.636 2.492 2.490 2.536
295 2.435 2.511 2.513 2.511
296 2.444 2.424 2.399 2.422
297 2.444 2.421 2.440 2.444
298 2.453 2.548 2.566 2.592
299 2.456 2.478 2.424 2.419
300 2.467 2.292 2.320 2.357
301 2.470 2.511 2.541 2.480
302 2.486 2.662 2.639 2.628
303 2.491 2.464 2.462 2.467
304 2.495 2.451 2.406 2.378
305 2.498 2.507 2.465 2.435
306 2.500 2.476 2.489 2.499
307 2.505 2.457 2.490 2.473
308 2.510 2.495 2.493 2.499
309 2.510 2.478 2.489 2.499
310 2.628 2.553 2.563 2.549
311 2.518 2.480 2.489 2.512
312 2.518 2.570 2.563 2.551
313 2.525 2.412 2.412 2.435
314 2.535 2.553 2.558 2.500
315 2.543 2.562 2.627 2.607
316 2.544 2.513 2.535 2.501
317 2.555 2.553 2.520 2.550
318 2.555 2.541 2.525 2.489
319 2.556 2.559 2.564 2.557
320 2.556 2.570 2.564 2.566
321 2.560 2.510 2.523 2.512
322 2.568 2.520 2.529 2.539
323 2.573 2.463 2.462 2.463
324 2.575 2.475 2.499 2.501
325 2.576 2.541 2.503 2.516
326 2.576 2.477 2.476 2.314
327 2.578 2.442 2.444 2.448
328 2.560 2.602 2.544 2.551
329 2.578 2.457 2.458 2.453
330 2.584 2.530 2.546 2.532
331 2.584 2.468 2.463 2.474
332 2.586 2.553 2.554 2.556
333 2.587 2.629 2.615 2.580
334 2.588 2.535 2.528 2.590
335 2.594 2.532 2.563 2.588
336 2.594 2.554 2.570 2.477
337 2.595 2.549 2.571 2.571
338 2.597 2.491 2.503 2.506
339 2.600 2.532 2.544 2.535
340 2.603 2.549 2.532 2.543
341 2.604 2.596 2.605 2.587
342 2.608 2.525 2.512 2.517
343 2.614 2.587 2.552 2.570
344 2.612 2.476 2.479 2.498
345 2.616 2.558 2.543 2.560
346 2.618 2.518 2.518 2.518
347 2.619 2.550 2.520 2.556
348 2.620 2.490 2.507 2.523
349 2.621 2.603 2.606 2.596
350 2.621 2.366 2.521 2.521
351 2.312 2.398 2.402 2.376
352 2.337 2.463 2.470 2.463
353 2.358 2.476 2.475 2.475
354 2.367 2.453 2.461 2.462
355 2.386 2.463 2.458 2.475
356 2.406 2.507 2.507 2.483
357 2.415 2.546 2.548 2.557
358 2.495 2.548 2.543 2.547
359 2.504 2.488 2.505 2.487
360 2.474 2.512 2.486 2.499
361 2.516 2.458 2.533 2.524
362 2.358 2.320 2.330 2.412
363 2.573 2.567 2.556 2.596
364 2.518 2.504 2.510 2.521
365 2.548 2.498 2.484 2.485
366 2.560 2.631 2.608 2.592
367 2.560 2.460 2.439 2.445
368 2.572 2.478 2.489 2.472
369 2.591 2.457 2.460 2.476
370 2.603 2.690 2.664 2.678
371 2.634 2.592 2.598 2.607
372 2.589 2.576 2.547 2.559
373 2.605 2.547 2.550 2.537
374 2.610 2.572 2.586 2.581
375 2.613 2.555 2.568 2.554
376 2.623 2.561 2.546 2.576
377 2.598 2.527 2.517 2.529
378 2.622 2.572 2.629 2.585
379 2.624 2.561 2.520 2.560
380 2.625 2.566 2.556 2.565
381 2.643 2.564 2.591 2.560
382 2.647 2.578 2.563 2.552
383 2.652 2.605 2.600 2.595
384 2.652 2.578 2.555 2.608
385 2.669 2.520 2.561 2.527
386 2.675 2.702 2.712 2.700
387 2.683 2.471 2.478 2.500
388 2.683 2.851 2.828 2.768
389 2.699 2.779 2.760 2.709
390 2.703 2.585 2.564 2.576
391 2.709 2.956 2.906 2.862
392 2.716 2.599 2.635 2.634
393 2.716 2.712 2.702 2.737
394 2.733 2.786 2.796 2.794
395 2.737 2.726 2.719 2.710
396 2.758 2.585 2.750 2.786
397 2.763 2.662 2.718 2.713
398 2.766 2.756 2.738 2.725
399 2.773 2.669 2.735 2.727
400 2.783 2.828 2.737 2.754
401 2.789 2.585 2.628 2.593
402 2.791 2.888 2.851 3.014
403 2.818 2.801 2.810 2.798
404 2.825 2.667 2.623 2.621
405 2.828 2.792 2.730 2.775
406 2.510 2.603 2.591 2.611
407 2.342 2.478 2.468 2.496
408 2.380 2.504 2.480 2.469
409 2.528 2.593 2.559 2.586
410 2.537 2.599 2.551 2.558
411 2.550 2.649 2.620 2.623
412 2.556 2.453 2.463 2.443
413 2.599 2.587 2.581 2.599
414 2.605 2.577 2.573 2.577
415 2.614 2.642 2.693 2.682
416 2.736 2.678 2.672 2.662
417 2.623 2.488 2.479 2.524
418 2.572 2.816 2.808 2.799
419 2.693 2.731 2.720 2.663
420 2.299 2.399 2.399 2.389
421 2.612 2.423 2.511 2.512
422 2.279 2.414 2.424 2.407
423 2.403 2.354 2.437 2.394
424 2.283 2.207 2.252 2.272
425 2.274 2.346 2.348 2.381
426 2.292 2.266 2.355 2.289
427 2.295 2.312 2.392 2.300
428 2.314 2.427 2.415 2.418
429 2.324 2.468 2.462 2.467
430 2.328 2.336 2.375 2.322
431 2.328 2.413 2.436 2.443
432 2.579 2.508 2.529 2.519
433 2.449 2.481 2.483 2.426
434 2.400 2.398 2.438 2.436
435 2.403 2.499 2.481 2.481
436 2.498 2.539 2.539 2.544
437 2.340 2.381 2.392 2.394
438 2.578 2.545 2.546 2.508
439 2.510 2.461 2.543 2.545
440 2.514 2.466 2.595 2.647
441 2.563 2.444 2.457 2.460
442 2.562 2.546 2.527 2.525
443 2.580 2.466 2.465 2.414
444 2.594 2.465 2.486 2.499
445 2.538 2.447 2.449 2.460
446 2.403 2.438 2.431 2.587
447 2.334 2.431 2.391 2.402
448 2.334 2.397 2.421 2.429
449 2.360 2.473 2.442 2.473
450 2.502 2.583 2.539 2.547
451 2.518 2.541 2.506 2.529
452 2.428 2.332 2.352 2.388
453 2.467 2.367 2.395 2.422
454 2.467 2.566 2.559 2.539
455 2.483 2.311 2.336 2.311
456 2.486 2.548 2.559 2.505
457 2.431 2.412 2.413 2.436
458 2.594 2.591 2.596 2.609
459 2.469 2.527 2.535 2.521
460 2.427 2.502 2.521 2.536
461 2.412 2.494 2.516 2.541
462 2.384 2.371 2.363 2.407
463 2.347 2.365 2.359 2.408
464 2.339 2.341 2.360 2.341
465 2.436 2.552 2.522 2.519
466 2.470 2.592 2.575 2.583
467 2.427 2.556 2.538 2.555
468 2.364 2.571 2.554 2.534
469 2.339 2.595 2.583 2.568
470 2.452 2.481 2.483 2.494
471 2.329 2.412 2.411 2.398
472 2.501 2.495 2.507 2.500
473 2.373 2.453 2.459 2.456
474 2.482 2.521 2.522 2.510
475 2.321 2.430 2.413 2.422
476 2.314 2.419 2.394 2.431
477 2.312 2.450 2.476 2.470
478 2.321 2.466 2.423 2.418
479 2.318 2.487 2.422 2.370
480 2.459 2.342 2.338 2.408
481 2.461 2.538 2.511 2.500
482 2.594 2.720 2.721 2.717
483 2.371 2.511 2.508 2.494
484 2.456 2.530 2.526 2.526
485 2.636 2.450 2.476 2.503
486 2.591 2.691 2.429 2.695
487 2.603 2.786 2.731 2.765
488 2.522 2.441 2.610 2.582
489 2.447 2.310 2.316 2.603
490 2.495 2.397 2.406 2.603
491 2.537 2.536 2.537 2.539
492 2.512 2.545 2.382 2.386
493 2.530 2.429 2.419 2.428
494 2.605 2.695 2.428 2.456
495 2.580 2.478 2.407 2.658
496 2.656 2.706 2.425 2.421
497 2.209 2.579 2.548 2.577
498 2.581 2.722 2.390 2.719
499 2.675 2.567 2.505 2.499
500 2.644 2.603 2.621 2.604
501 2.656 2.594 2.601 2.539
502 2.446 2.495 2.489 2.482
503 2.583 2.519 2.512 2.446
504 2.398 2.480 2.467 2.469
505 2.538 2.572 2.555 2.567
506 2.537 2.543 2.518 2.542
507 2.513 2.527 2.532 2.530
508 2.520 2.518 2.478 2.508
509 2.510 2.641 2.599 2.635
510 2.442 2.556 2.524 2.527
511 2.554 2.685 2.572 2.673
512 2.560 2.584 2.604 2.550
513 2.530 2.627 2.606 2.656
514 2.412 2.466 2.488 2.494
515 2.431 2.418 2.418 2.403
516 2.481 2.585 2.593 2.536
517 2.473 2.572 2.571 2.565
518 2.338 2.436 2.528 2.427
519 2.459 2.456 2.411 2.460
520 2.386 2.480 2.476 2.493
521 2.338 2.447 2.515 2.521
522 2.452 2.524 2.497 2.498
523 2.489 2.418 2.418 2.418
524 2.332 2.464 2.446 2.480
525 2.337 2.465 2.477 2.462
526 2.493 2.562 2.589 2.513
527 2.531 2.565 2.571 2.572
528 2.510 2.509 2.495 2.481
529 2.297 2.517 2.552 2.448
530 2.382 2.477 2.494 2.453
531 2.371 2.470 2.461 2.482
532 2.554 2.488 2.508 2.432
533 2.350 2.452 2.436 2.496
534 2.373 2.474 2.468 2.486
535 2.377 2.495 2.459 2.464
536 2.393 2.483 2.520 2.516
537 2.426 2.465 2.481 2.483
538 2.431 2.524 2.511 2.539
539 2.373 2.439 2.442 2.460
540 2.473 2.425 2.396 2.418
541 2.400 2.495 2.472 2.467
542 2.328 2.454 2.466 2.486
543 2.308 2.528 2.494 2.494
544 2.305 2.436 2.439 2.475
545 2.474 2.490 2.504 2.434
546 2.512 2.534 2.546 2.483
547 2.312 2.453 2.515 2.542
548 2.369 2.472 2.475 2.468
549 2.348 2.519 2.479 2.463
550 2.456 2.535 2.556 2.523
551 2.522 2.531 2.500 2.534
552 2.367 2.549 2.537 2.502
553 2.398 2.536 2.504 2.536
554 2.505 2.528 2.532 2.511
555 2.491 2.554 2.561 2.559
556 2.348 2.465 2.459 2.482
557 2.358 2.413 2.465 2.441
558 2.400 2.554 2.550 2.533
559 2.504 2.614 2.613 2.589
560 2.332 2.418 2.418 2.455
561 2.334 2.453 2.411 2.395
562 2.367 2.460 2.424 2.443
563 2.295 2.408 2.385 2.435
564 2.318 2.449 2.436 2.439
565 2.500 2.498 2.487 2.440
566 2.330 2.620 2.596 2.628
567 2.590 2.664 2.574 2.653
568 2.569 2.634 2.631 2.650
569 2.530 2.503 2.530 2.561
570 2.543 2.557 2.562 2.609
571 2.540 2.578 2.587 2.577
572 2.574 2.588 2.609 2.561
573 2.565 2.584 2.601 2.633
574 2.540 2.499 2.504 2.509
575 2.555 2.503 2.519 2.506
576 2.530 2.585 2.595 2.582
577 2.502 2.539 2.547 2.548
578 2.530 2.590 2.596 2.636
579 2.504 2.545 2.532 2.509
580 2.560 2.632 2.634 2.644
581 2.533 2.602 2.605 2.594
582 2.545 2.487 2.522 2.511
583 2.566 2.618 2.574 2.624
584 2.558 2.525 2.534 2.542
585 2.509 2.586 2.582 2.593
586 2.545 2.748 2.723 2.747
587 2.562 2.664 2.646 2.651
588 2.571 2.693 2.652 2.679
589 2.535 2.634 2.597 2.595
590 2.575 2.640 2.599 2.658
591 2.561 2.549 2.552 2.555
592 2.572 2.525 2.527 2.561
593 2.631 2.583 2.706 2.626
594 2.579 2.556 2.700 2.580
595 2.569 2.611 2.616 2.651
596 2.549 2.570 2.612 2.572
597 2.540 2.610 2.594 2.606
598 2.522 2.546 2.546 2.466
599 2.517 2.552 2.561 2.541
600 2.512 2.567 2.556 2.594
601 2.473 2.557 2.526 2.536
602 2.452 2.328 2.410 2.351
603 2.367 2.345 2.359 2.367
604 2.308 2.328 2.359 2.359
605 2.553 2.527 2.489 2.468
606 2.554 2.443 2.447 2.438
607 2.627 2.454 2.457 2.460
608 2.642 2.541 2.549 2.526
609 2.642 2.593 2.607 2.550
610 2.646 2.583 2.599 2.600
611 2.646 2.455 2.478 2.464
612 2.648 2.636 2.612 2.584
613 2.656 2.748 2.780 2.769
614 2.659 2.548 2.532 2.531
615 2.659 2.626 2.579 2.627
616 2.660 2.605 2.591 2.589
617 2.694 2.603 2.578 2.599
618 2.517 2.522 2.460 2.506
619 2.476 2.581 2.591 2.590
620 2.533 2.544 2.542 2.571
621 2.600 2.654 2.649 2.640
622 2.643 2.654 2.700 2.724
623 2.545 2.546 2.460 2.570
624 2.542 2.548 2.594 2.554
625 2.438 2.604 2.579 2.589
626 2.318 2.575 2.592 2.586
627 2.590 2.611 2.633 2.631
628 2.538 2.621 2.620 2.646
629 2.508 2.450 2.404 2.447
630 2.514 2.455 2.466 2.499
631 2.495 2.542 2.531 2.532
632 2.556 2.557 2.512 2.568
633 2.636 2.492 2.490 2.537
634 2.616 2.543 2.543 2.560
635 2.636 2.514 2.544 2.521
636 2.665 2.595 2.589 2.591
637 2.599 2.622 2.608 2.599
638 2.588 2.562 2.604 2.612
639 2.568 2.503 2.497 2.532
640 2.662 2.576 2.578 2.579
641 2.612 2.509 2.499 2.502
642 2.493 2.592 2.587 2.589
643 2.403 2.537 2.539 2.471
644 2.470 2.486 2.492 2.490
645 2.631 2.717 2.732 2.631
646 2.513 2.562 2.565 2.506
647 2.505 2.445 2.402 2.408
648 2.548 2.483 2.496 2.491
649 2.555 2.534 2.465 2.449
650 2.531 2.412 2.417 2.446
651 2.653 2.536 2.568 2.583
652 2.600 2.583 2.599 2.593
653 2.572 2.592 2.624 2.633
654 2.600 2.525 2.515 2.545
655 2.559 2.485 2.524 2.526
656 2.505 2.463 2.436 2.439
657 2.526 2.587 2.566 2.588
658 2.574 2.652 2.611 2.585
659 2.639 2.530 2.534 2.528
660 2.644 2.524 2.526 2.534
661 2.605 2.572 2.568 2.537
662 2.642 2.568 2.577 2.538
663 2.412 2.574 2.574 2.573
664 2.447 2.562 2.506 2.525
665 2.600 2.594 2.602 2.616
666 2.438 2.553 2.551 2.561
667 2.603 2.705 2.711 2.617
668 2.520 2.534 2.527 2.539
669 2.517 2.596 2.581 2.546
670 2.114 2.321 2.299 2.396
671 2.233 2.191 2.189 2.196
672 2.238 2.344 2.363 2.346
673 2.272 2.331 2.342 2.330
674 2.299 2.286 2.266 2.259
675 2.299 2.357 2.399 2.399
676 2.308 2.354 2.356 2.346
677 2.348 2.324 2.338 2.381
678 2.348 2.304 2.324 2.307
679 2.406 2.504 2.494 2.483
680 2.518 2.395 2.406 2.413
681 2.525 2.435 2.447 2.461
682 2.537 2.496 2.465 2.491
683 2.538 2.427 2.434 2.445
684 2.540 2.484 2.483 2.483
685 2.560 2.475 2.547 2.454
686 2.560 2.434 2.446 2.430
687 2.560 2.580 2.541 2.558
688 2.563 2.486 2.390 2.531
689 2.566 2.622 2.588 2.631
690 2.584 2.569 2.617 2.638
691 2.588 2.526 2.523 2.518
692 2.589 2.599 2.572 2.584
693 2.589 2.593 2.548 2.559
694 2.591 2.368 2.370 2.367
695 2.593 2.615 2.604 2.603
696 2.594 2.569 2.605 2.557
697 2.595 2.441 2.474 2.502
698 2.614 2.638 2.631 2.609
699 2.618 2.651 2.647 2.646
700 2.622 2.631 2.617 2.616
701 2.622 2.654 2.638 2.627
702 2.628 2.470 2.468 2.487
703 2.634 2.693 2.712 2.707
704 2.635 2.488 2.456 2.474
705 2.636 2.672 2.639 2.648
706 2.660 2.595 2.626 2.618
707 2.662 2.574 2.657 2.663
708 2.675 2.626 2.620 2.622
709 2.677 2.488 2.480 2.480
710 2.679 2.679 2.645 2.669
711 2.686 2.841 2.831 2.823
712 2.694 2.875 2.857 2.832
713 2.702 2.711 2.639 2.675
714 2.710 2.939 2.918 2.820
715 2.719 2.593 2.537 2.539
716 2.732 2.865 2.774 2.695
717 2.735 2.516 2.526 2.533
718 2.740 2.695 2.699 2.707
719 2.762 2.884 2.896 3.019
720 2.764 2.781 2.776 2.785
721 2.777 2.798 2.655 2.683
722 2.778 2.580 2.569 2.606
723 2.791 2.733 2.686 2.723
724 2.795 2.867 2.800 3.025
725 2.797 2.607 2.697 2.697
726 2.616 2.491 2.534 2.487
727 2.491 2.484 2.481 2.477
728 2.526 2.576 2.595 2.596
729 2.581 2.577 2.593 2.614
730 2.639 2.469 2.492 2.485
731 2.594 2.642 2.653 2.674
732 2.318 2.434 2.445 2.439
733 2.666 2.526 2.529 2.544
734 2.534 2.593 2.584 2.600
735 2.344 2.415 2.416 2.410
736 2.592 2.557 2.576 2.582
737 2.398 2.513 2.529 2.527
738 2.444 2.418 2.445 2.418
739 2.467 2.418 2.438 2.410
740 2.610 2.530 2.524 2.522
741 2.584 2.617 2.605 2.607
742 2.375 2.418 2.414 2.418
743 2.514 2.555 2.573 2.475
744 2.602 2.598 2.587 2.611
745 2.622 2.569 2.566 2.576
746 2.605 2.591 2.597 2.589
747 2.484 2.385 2.385 2.380
748 2.342 2.429 2.445 2.418
749 2.484 2.389 2.445 2.418
750 2.364 2.469 2.479 2.465
751 2.358 2.423 2.445 2.418
752 2.562 2.592 2.541 2.551
753 2.505 2.408 2.465 2.429
754 2.656 2.518 2.488 2.494
755 2.459 2.498 2.538 2.447
756 2.504 2.568 2.527 2.559
757 2.614 2.597 2.591 2.635
758 2.618 2.627 2.617 2.614
759 2.622 2.641 2.748 2.697
760 2.627 2.692 2.704 2.676
761 2.642 2.587 2.576 2.590
762 2.645 2.614 2.609 2.646
763 2.647 2.607 2.598 2.604
764 2.652 2.699 2.705 2.681
765 2.654 2.793 2.788 2.782
766 2.656 2.639 2.661 2.647
767 2.656 2.621 2.599 2.638
768 2.662 2.658 2.695 2.666
769 2.664 2.599 2.614 2.605
770 2.666 2.667 2.652 2.662
771 2.670 2.645 2.640 2.645
772 2.670 2.764 2.724 2.741
773 2.672 2.762 2.710 2.775
774 2.675 2.743 2.769 2.800
775 2.675 2.670 2.669 2.693
776 2.680 2.663 2.691 2.667
777 2.680 2.754 2.682 2.746
778 2.684 2.579 2.604 2.616
779 2.684 2.694 2.724 2.690
780 2.689 2.590 2.605 2.594
781 2.689 2.601 2.565 2.599
782 2.693 2.631 2.647 2.651
783 2.693 2.776 2.833 2.763
784 2.694 2.589 2.586 2.589
785 2.694 2.617 2.614 2.607
786 2.695 2.795 2.786 2.828
787 2.697 2.654 2.707 2.695
788 2.697 2.665 2.697 2.719
789 2.699 2.712 2.714 2.714
790 2.699 2.589 2.595 2.592
791 2.700 2.791 2.771 2.786
792 2.700 2.744 2.747 2.743
793 2.702 2.693 2.714 2.712
794 2.705 2.574 2.572 2.548
795 2.706 2.692 2.742 2.746
796 2.708 2.578 2.587 2.573
797 2.708 2.578 2.575 2.575
798 2.710 2.596 2.615 2.606
799 2.710 2.720 2.752 2.752
800 2.715 2.701 2.669 2.722
801 2.719 2.601 2.577 2.586
802 2.719 2.708 2.705 2.709
803 2.719 2.686 2.662 2.680
804 2.728 2.694 2.710 2.766
805 2.731 2.618 2.604 2.614
806 2.731 2.823 2.808 2.829
807 2.731 2.756 2.758 2.724
808 2.735 2.767 2.701 2.752
809 2.740 2.731 2.678 2.743
810 2.743 2.693 2.662 2.693
811 2.744 2.685 2.658 2.680
812 2.795 2.465 2.477 2.456
813 2.801 2.827 2.817 2.837
814 2.719 2.677 2.655 2.820
815 2.764 2.870 2.857 2.920
816 2.732 2.865 2.856 2.939
817 2.791 2.705 2.726 2.723
818 2.740 2.865 2.859 2.885
819 2.737 2.664 2.716 2.717
820 2.767 2.644 2.690 2.686
821 2.777 2.827 2.798 2.810
822 2.821 2.725 2.725 2.656
823 2.818 2.848 2.840 2.873
824 2.831 2.943 2.837 2.844
825 2.766 2.781 2.826 2.770
826 2.839 2.871 2.869 2.929
827 2.815 2.748 2.719 2.752
828 2.769 2.953 2.978 3.005
829 2.773 2.871 2.815 2.862
830 2.823 2.715 2.715 2.716
831 2.814 2.736 2.712 2.720
832 2.795 2.652 2.653 2.743
833 2.791 2.803 2.780 2.752
834 2.795 2.814 2.804 2.766
835 2.801 2.762 2.764 2.760
836 2.762 2.786 2.731 2.772
837 2.797 2.607 2.696 2.697
838 2.810 2.792 2.778 2.783
839 2.791 2.677 2.656 2.658
840 2.789 2.709 2.711 2.722
841 2.772 2.779 2.790 2.705
842 2.763 2.606 2.634 2.651
843 2.758 2.744 2.731 2.749
844 2.762 2.701 2.735 2.729
845 2.725 2.708 2.716 2.702
846 2.706 2.699 2.740 2.756
847 2.723 2.680 2.688 2.681
848 2.808 2.693 2.692 2.642
849 2.795 2.742 2.740 2.734
850 2.762 2.773 2.767 2.759
851 2.778 2.768 2.775 2.774
852 2.812 2.745 2.782 2.793
853 2.768 2.747 2.739 2.724
854 2.730 2.850 2.842 2.862
855 2.762 2.678 2.678 2.734
856 2.740 2.694 2.689 2.680
857 2.756 2.700 2.692 2.710
858 2.758 2.780 2.626 2.734
859 2.778 2.677 2.665 2.686
860 2.762 2.721 2.736 2.722
861 2.821 2.811 2.756 2.767
862 2.821 3.051 3.001 3.049
863 2.788 2.862 2.857 2.817
864 2.817 2.701 2.710 2.703
865 2.838 2.499 2.512 2.516
866 2.808 2.675 2.750 2.753
867 2.805 2.676 2.672 2.678
868 2.812 2.632 2.642 2.630
869 2.777 2.817 2.815 2.809
870 2.714 2.792 2.782 2.759
871 2.788 2.664 2.609 2.617
