data_index logTg.observed logTg.predicted.repeat1 logTg.predicted.repeat2 logTg.predicted.repeat3
1 2.708 2.559 2.556 2.559
2 2.852 2.556 2.556 2.565
3 2.818 2.556 2.561 2.560
4 2.718 2.556 2.567 2.565
5 2.755 2.556 2.567 2.565
6 2.769 2.560 2.559 2.552
7 2.742 2.556 2.556 2.560
8 2.727 2.567 2.561 2.565
9 2.785 2.556 2.555 2.560
10 2.822 2.559 2.555 2.560
11 2.842 2.567 2.567 2.562
12 2.745 2.559 2.555 2.559
13 2.750 2.556 2.559 2.559
14 2.751 2.560 2.561 2.562
15 2.779 2.556 2.567 2.552
16 2.756 2.559 2.556 2.562
17 2.767 2.556 2.561 2.562
18 2.846 2.559 2.555 2.552
19 2.746 2.556 2.567 2.559
20 2.810 2.560 2.556 2.560
21 2.726 2.559 2.556 2.560
22 2.672 2.556 2.555 2.559
23 2.681 2.556 2.561 2.559
24 2.810 2.559 2.567 2.559
25 2.763 2.560 2.555 2.562
26 2.752 2.559 2.555 2.560
27 2.792 2.556 2.556 2.562
28 2.790 2.556 2.556 2.552
29 2.783 2.556 2.555 2.552
30 2.778 2.556 2.556 2.560
31 2.799 2.559 2.555 2.562
32 2.909 2.560 2.556 2.552
33 2.887 2.559 2.559 2.565
34 2.777 2.556 2.556 2.562
35 2.696 2.556 2.555 2.565
36 2.733 2.560 2.555 2.560
37 2.785 2.559 2.559 2.559
38 2.808 2.556 2.556 2.565
39 2.687 2.556 2.555 2.559
40 2.759 2.556 2.555 2.562
41 2.721 2.560 2.559 2.552
42 2.732 2.567 2.556 2.565
43 2.819 2.556 2.556 2.565
44 2.688 2.560 2.555 2.565
45 2.590 2.559 2.567 2.565
46 2.290 2.556 2.556 2.560
47 2.651 2.567 2.561 2.560
48 2.558 2.567 2.556 2.565
49 2.513 2.567 2.567 2.560
50 2.368 2.559 2.555 2.559
51 2.549 2.556 2.556 2.565
52 2.700 2.559 2.555 2.562
53 2.636 2.560 2.559 2.562
54 2.436 2.559 2.555 2.560
55 2.272 2.567 2.561 2.552
56 2.467 2.560 2.567 2.552
57 2.500 2.556 2.555 2.560
58 2.512 2.559 2.556 2.552
59 2.520 2.556 2.561 2.552
60 2.516 2.556 2.555 2.560
61 2.238 2.556 2.567 2.562
62 2.322 2.556 2.556 2.559
63 2.697 2.556 2.567 2.552
64 2.559 2.560 2.559 2.560
65 2.325 2.560 2.567 2.565
66 2.414 2.556 2.559 2.562
67 2.400 2.556 2.561 2.552
68 2.308 2.556 2.561 2.560
69 2.308 2.556 2.567 2.559
70 2.314 2.559 2.555 2.565
71 2.500 2.556 2.567 2.562
72 2.511 2.567 2.555 2.565
73 2.388 2.556 2.555 2.560
74 2.587 2.556 2.556 2.559
75 2.316 2.567 2.555 2.560
76 2.362 2.567 2.556 2.562
77 2.554 2.556 2.555 2.562
78 2.583 2.560 2.556 2.565
79 2.541 2.567 2.559 2.552
80 2.350 2.560 2.556 2.560
81 2.277 2.556 2.556 2.565
82 2.463 2.567 2.561 2.562
83 2.290 2.556 2.567 2.552
84 2.573 2.567 2.561 2.552
85 2.699 2.556 2.559 2.552
86 2.543 2.560 2.556 2.565
87 2.497 2.560 2.561 2.559
88 2.555 2.556 2.555 2.565
89 2.576 2.560 2.559 2.565
90 2.618 2.560 2.555 2.562
91 2.348 2.556 2.561 2.559
92 2.589 2.567 2.555 2.559
93 2.170 2.567 2.561 2.552
94 2.420 2.560 2.559 2.562
95 2.367 2.560 2.561 2.560
96 2.400 2.556 2.567 2.565
97 2.405 2.567 2.559 2.565
98 2.344 2.556 2.556 2.562
99 2.314 2.567 2.559 2.552
100 2.288 2.559 2.556 2.559
101 2.316 2.567 2.556 2.559
102 2.274 2.556 2.556 2.560
103 2.288 2.567 2.556 2.562
104 2.316 2.560 2.556 2.559
105 2.295 2.556 2.555 2.565
106 2.592 2.559 2.567 2.562
107 2.480 2.560 2.556 2.565
108 2.340 2.560 2.567 2.560
109 2.452 2.567 2.556 2.565
110 2.415 2.556 2.567 2.559
111 2.479 2.567 2.555 2.559
112 2.400 2.567 2.555 2.559
113 2.514 2.559 2.555 2.565
114 2.367 2.560 2.555 2.562
115 2.403 2.559 2.556 2.565
116 2.338 2.559 2.555 2.565
117 2.435 2.559 2.556 2.565
118 2.483 2.559 2.561 2.559
119 2.170 2.560 2.559 2.562
120 2.338 2.560 2.555 2.560
121 2.428 2.560 2.567 2.560
122 2.467 2.556 2.556 2.565
123 2.489 2.559 2.559 2.560
124 2.510 2.567 2.556 2.552
125 2.510 2.567 2.556 2.562
126 2.578 2.556 2.555 2.559
127 2.540 2.556 2.561 2.562
128 2.430 2.556 2.561 2.559
129 2.554 2.556 2.561 2.552
130 2.290 2.556 2.556 2.565
131 2.467 2.560 2.559 2.560
132 2.576 2.567 2.561 2.560
133 2.555 2.556 2.559 2.565
134 2.483 2.556 2.567 2.559
135 2.562 2.560 2.567 2.559
136 2.578 2.559 2.559 2.562
137 2.308 2.560 2.559 2.559
138 2.579 2.559 2.555 2.562
139 2.621 2.560 2.555 2.552
140 2.272 2.567 2.559 2.562
141 2.588 2.559 2.561 2.562
142 2.542 2.560 2.556 2.562
143 2.352 2.559 2.555 2.562
144 2.514 2.559 2.556 2.559
145 2.538 2.560 2.556 2.559
146 2.537 2.556 2.561 2.559
147 2.612 2.559 2.561 2.562
148 2.572 2.559 2.555 2.559
149 2.354 2.560 2.555 2.560
150 2.695 2.556 2.559 2.552
151 2.559 2.560 2.567 2.560
152 2.408 2.556 2.567 2.565
153 2.593 2.556 2.556 2.552
154 2.643 2.556 2.567 2.559
155 2.548 2.556 2.559 2.560
156 2.693 2.560 2.555 2.552
157 2.522 2.556 2.555 2.552
158 2.635 2.556 2.567 2.560
159 2.626 2.560 2.555 2.559
160 2.535 2.559 2.567 2.560
161 2.572 2.560 2.555 2.552
162 2.348 2.560 2.556 2.560
163 2.348 2.556 2.561 2.565
164 2.290 2.560 2.556 2.562
165 2.560 2.559 2.561 2.559
166 2.449 2.556 2.559 2.559
167 2.542 2.556 2.559 2.559
168 2.593 2.567 2.561 2.559
169 2.590 2.559 2.555 2.562
170 2.579 2.556 2.561 2.560
171 2.320 2.556 2.567 2.559
172 2.408 2.559 2.567 2.562
173 2.612 2.560 2.555 2.565
174 2.279 2.560 2.555 2.560
175 2.308 2.560 2.556 2.565
176 2.316 2.556 2.559 2.552
177 2.318 2.559 2.556 2.559
178 2.328 2.556 2.561 2.562
179 2.497 2.559 2.555 2.565
180 2.502 2.567 2.555 2.560
181 2.504 2.567 2.567 2.562
182 2.518 2.560 2.561 2.559
183 2.520 2.559 2.561 2.559
184 2.413 2.567 2.555 2.560
185 2.446 2.567 2.567 2.559
186 2.522 2.559 2.559 2.552
187 2.572 2.560 2.559 2.559
188 2.573 2.559 2.561 2.559
189 2.367 2.556 2.555 2.565
190 2.340 2.556 2.559 2.559
191 2.367 2.560 2.567 2.560
192 2.578 2.567 2.567 2.559
193 2.562 2.556 2.567 2.560
194 2.338 2.559 2.561 2.559
195 2.290 2.556 2.567 2.560
196 2.310 2.560 2.555 2.559
197 2.403 2.556 2.559 2.562
198 2.342 2.556 2.567 2.565
199 2.403 2.567 2.567 2.559
200 2.498 2.567 2.555 2.565
201 2.504 2.559 2.567 2.562
202 2.509 2.560 2.567 2.562
203 2.423 2.560 2.567 2.559
204 2.431 2.559 2.556 2.565
205 2.467 2.556 2.561 2.552
206 2.477 2.567 2.559 2.560
207 2.522 2.567 2.561 2.559
208 2.542 2.556 2.555 2.560
209 2.578 2.567 2.555 2.565
210 2.433 2.567 2.567 2.559
211 2.653 2.556 2.555 2.565
212 2.518 2.556 2.556 2.552
213 2.594 2.560 2.556 2.560
214 2.610 2.567 2.559 2.565
215 2.592 2.560 2.567 2.565
216 2.571 2.560 2.567 2.560
217 2.643 2.559 2.559 2.562
218 2.582 2.567 2.556 2.562
219 2.589 2.560 2.556 2.562
220 2.580 2.556 2.556 2.565
221 2.555 2.560 2.559 2.552
222 2.560 2.556 2.567 2.565
223 2.583 2.560 2.556 2.552
224 2.587 2.556 2.561 2.562
225 2.560 2.556 2.567 2.565
226 2.535 2.556 2.556 2.559
227 2.542 2.559 2.567 2.560
228 2.561 2.567 2.561 2.562
229 2.549 2.556 2.559 2.552
230 2.548 2.556 2.555 2.560
231 2.595 2.559 2.555 2.560
232 2.605 2.559 2.561 2.560
233 2.514 2.556 2.559 2.559
234 2.528 2.556 2.567 2.552
235 2.538 2.556 2.567 2.562
236 2.626 2.567 2.559 2.565
237 2.648 2.556 2.567 2.552
238 2.607 2.556 2.555 2.562
239 2.601 2.559 2.567 2.565
240 2.558 2.556 2.567 2.560
241 2.529 2.559 2.567 2.565
242 2.493 2.556 2.567 2.562
243 2.504 2.560 2.555 2.559
244 2.597 2.560 2.567 2.560
245 2.561 2.556 2.567 2.552
246 2.569 2.567 2.556 2.562
247 2.548 2.567 2.556 2.552
248 2.548 2.556 2.556 2.562
249 2.594 2.567 2.567 2.559
250 2.650 2.567 2.567 2.552
251 2.661 2.567 2.567 2.552
252 2.598 2.567 2.567 2.560
253 2.669 2.559 2.559 2.560
254 2.607 2.559 2.559 2.560
255 2.650 2.556 2.567 2.552
256 2.599 2.556 2.555 2.565
257 2.659 2.560 2.567 2.552
258 2.656 2.567 2.567 2.552
259 2.660 2.556 2.556 2.552
260 2.619 2.559 2.561 2.565
261 2.580 2.556 2.567 2.560
262 2.566 2.567 2.559 2.565
263 2.498 2.556 2.559 2.552
264 2.516 2.567 2.555 2.559
265 2.505 2.556 2.561 2.565
266 2.498 2.556 2.561 2.560
267 2.516 2.556 2.555 2.565
268 2.553 2.567 2.559 2.559
269 2.543 2.560 2.559 2.552
270 2.548 2.556 2.556 2.559
271 2.559 2.559 2.567 2.552
272 2.578 2.559 2.559 2.552
273 2.582 2.556 2.559 2.565
274 2.583 2.567 2.567 2.565
275 2.595 2.559 2.555 2.560
276 2.670 2.559 2.567 2.552
277 2.618 2.556 2.561 2.560
278 2.600 2.556 2.567 2.559
279 2.613 2.567 2.556 2.560
280 2.594 2.567 2.561 2.559
281 2.623 2.567 2.556 2.552
282 2.567 2.567 2.555 2.565
283 2.344 2.560 2.561 2.565
284 2.358 2.556 2.556 2.562
285 2.371 2.567 2.556 2.562
286 2.378 2.556 2.559 2.565
287 2.382 2.567 2.561 2.560
288 2.396 2.556 2.567 2.559
289 2.635 2.567 2.561 2.559
290 2.627 2.556 2.559 2.565
291 2.498 2.560 2.559 2.565
292 2.677 2.556 2.556 2.560
293 2.636 2.556 2.555 2.560
294 2.636 2.556 2.556 2.565
295 2.435 2.556 2.559 2.565
296 2.444 2.556 2.559 2.560
297 2.444 2.560 2.561 2.552
298 2.453 2.556 2.567 2.552
299 2.456 2.556 2.567 2.552
300 2.467 2.556 2.561 2.565
301 2.470 2.559 2.561 2.562
302 2.486 2.556 2.561 2.559
303 2.491 2.560 2.559 2.552
304 2.495 2.560 2.561 2.560
305 2.498 2.567 2.561 2.560
306 2.500 2.559 2.555 2.552
307 2.505 2.567 2.556 2.565
308 2.510 2.560 2.555 2.552
309 2.510 2.559 2.559 2.560
310 2.628 2.559 2.556 2.559
311 2.518 2.559 2.555 2.565
312 2.518 2.556 2.555 2.565
313 2.525 2.559 2.561 2.565
314 2.535 2.560 2.559 2.565
315 2.543 2.556 2.555 2.559
316 2.544 2.556 2.559 2.559
317 2.555 2.567 2.561 2.552
318 2.555 2.559 2.556 2.560
319 2.556 2.556 2.556 2.560
320 2.556 2.556 2.556 2.560
321 2.560 2.556 2.556 2.562
322 2.568 2.559 2.556 2.565
323 2.573 2.567 2.559 2.565
324 2.575 2.560 2.561 2.559
325 2.576 2.556 2.561 2.552
326 2.576 2.559 2.555 2.560
327 2.578 2.567 2.567 2.565
328 2.560 2.560 2.561 2.562
329 2.578 2.556 2.556 2.559
330 2.584 2.559 2.559 2.559
331 2.584 2.559 2.567 2.560
332 2.586 2.556 2.561 2.562
333 2.587 2.567 2.561 2.560
334 2.588 2.567 2.561 2.552
335 2.594 2.556 2.567 2.559
336 2.594 2.559 2.567 2.559
337 2.595 2.560 2.567 2.552
338 2.597 2.560 2.559 2.565
339 2.600 2.556 2.555 2.565
340 2.603 2.567 2.556 2.560
341 2.604 2.567 2.561 2.560
342 2.608 2.559 2.556 2.562
343 2.614 2.567 2.555 2.562
344 2.612 2.556 2.561 2.560
345 2.616 2.560 2.559 2.560
346 2.618 2.567 2.567 2.560
347 2.619 2.556 2.559 2.552
348 2.620 2.560 2.559 2.565
349 2.621 2.556 2.567 2.559
350 2.621 2.556 2.559 2.560
351 2.312 2.559 2.561 2.562
352 2.337 2.556 2.567 2.552
353 2.358 2.556 2.567 2.565
354 2.367 2.567 2.561 2.552
355 2.386 2.567 2.556 2.565
356 2.406 2.560 2.559 2.562
357 2.415 2.559 2.567 2.560
358 2.495 2.556 2.559 2.562
359 2.504 2.556 2.567 2.560
360 2.474 2.559 2.556 2.562
361 2.516 2.556 2.555 2.562
362 2.358 2.567 2.555 2.560
363 2.573 2.567 2.559 2.559
364 2.518 2.559 2.559 2.562
365 2.548 2.567 2.561 2.562
366 2.560 2.556 2.559 2.562
367 2.560 2.560 2.567 2.565
368 2.572 2.559 2.567 2.559
369 2.591 2.559 2.555 2.560
370 2.603 2.559 2.556 2.552
371 2.634 2.556 2.561 2.559
372 2.589 2.556 2.559 2.552
373 2.605 2.556 2.555 2.559
374 2.610 2.556 2.561 2.562
375 2.613 2.559 2.555 2.560
376 2.623 2.567 2.559 2.559
377 2.598 2.556 2.556 2.565
378 2.622 2.556 2.559 2.559
379 2.624 2.556 2.559 2.565
380 2.625 2.556 2.561 2.560
381 2.643 2.556 2.556 2.552
382 2.647 2.560 2.559 2.552
383 2.652 2.567 2.559 2.560
384 2.652 2.556 2.559 2.562
385 2.669 2.559 2.556 2.565
386 2.675 2.559 2.567 2.559
387 2.683 2.556 2.561 2.562
388 2.683 2.567 2.559 2.565
389 2.699 2.556 2.561 2.562
390 2.703 2.556 2.556 2.565
391 2.709 2.560 2.567 2.560
392 2.716 2.567 2.555 2.552
393 2.716 2.556 2.555 2.559
394 2.733 2.567 2.555 2.565
395 2.737 2.556 2.559 2.552
396 2.758 2.559 2.556 2.559
397 2.763 2.556 2.556 2.565
398 2.766 2.556 2.561 2.562
399 2.773 2.567 2.559 2.560
400 2.783 2.556 2.556 2.562
401 2.789 2.556 2.556 2.552
402 2.791 2.560 2.555 2.559
403 2.818 2.567 2.561 2.559
404 2.825 2.556 2.559 2.559
405 2.828 2.559 2.555 2.560
406 2.510 2.559 2.556 2.559
407 2.342 2.556 2.555 2.562
408 2.380 2.560 2.567 2.552
409 2.528 2.559 2.559 2.560
410 2.537 2.556 2.555 2.560
411 2.550 2.556 2.567 2.560
412 2.556 2.559 2.567 2.565
413 2.599 2.567 2.559 2.552
414 2.605 2.556 2.559 2.559
415 2.614 2.567 2.556 2.559
416 2.736 2.556 2.555 2.562
417 2.623 2.556 2.559 2.559
418 2.572 2.567 2.561 2.565
419 2.693 2.560 2.555 2.565
420 2.299 2.556 2.561 2.562
421 2.612 2.556 2.559 2.562
422 2.279 2.560 2.556 2.562
423 2.403 2.560 2.559 2.565
424 2.283 2.556 2.559 2.559
425 2.274 2.556 2.555 2.562
426 2.292 2.560 2.555 2.562
427 2.295 2.556 2.561 2.562
428 2.314 2.559 2.561 2.565
429 2.324 2.567 2.559 2.565
430 2.328 2.567 2.561 2.565
431 2.328 2.556 2.555 2.562
432 2.579 2.567 2.555 2.560
433 2.449 2.560 2.567 2.552
434 2.400 2.560 2.559 2.562
435 2.403 2.556 2.567 2.552
436 2.498 2.567 2.561 2.565
437 2.340 2.559 2.561 2.560
438 2.578 2.559 2.559 2.562
439 2.510 2.567 2.559 2.565
440 2.514 2.556 2.555 2.565
441 2.563 2.567 2.555 2.552
442 2.562 2.556 2.567 2.562
443 2.580 2.567 2.561 2.559
444 2.594 2.567 2.561 2.565
445 2.538 2.559 2.567 2.560
446 2.403 2.556 2.561 2.559
447 2.334 2.567 2.559 2.560
448 2.334 2.567 2.556 2.560
449 2.360 2.560 2.559 2.552
450 2.502 2.556 2.561 2.560
451 2.518 2.560 2.556 2.565
452 2.428 2.559 2.555 2.560
453 2.467 2.560 2.561 2.552
454 2.467 2.556 2.556 2.562
455 2.483 2.559 2.556 2.562
456 2.486 2.567 2.561 2.552
457 2.431 2.559 2.561 2.560
458 2.594 2.559 2.567 2.559
459 2.469 2.556 2.559 2.562
460 2.427 2.567 2.559 2.559
461 2.412 2.556 2.556 2.560
462 2.384 2.559 2.561 2.559
463 2.347 2.556 2.556 2.565
464 2.339 2.567 2.567 2.559
465 2.436 2.556 2.567 2.559
466 2.470 2.556 2.561 2.560
467 2.427 2.560 2.567 2.565
468 2.364 2.556 2.561 2.560
469 2.339 2.556 2.567 2.560
470 2.452 2.556 2.561 2.565
471 2.329 2.567 2.556 2.565
472 2.501 2.559 2.555 2.565
473 2.373 2.559 2.556 2.565
474 2.482 2.560 2.559 2.560
475 2.321 2.556 2.567 2.562
476 2.314 2.567 2.556 2.562
477 2.312 2.556 2.556 2.565
478 2.321 2.556 2.559 2.552
479 2.318 2.567 2.561 2.559
480 2.459 2.556 2.567 2.562
481 2.461 2.560 2.559 2.560
482 2.594 2.559 2.555 2.552
483 2.371 2.559 2.556 2.562
484 2.456 2.556 2.555 2.565
485 2.636 2.560 2.556 2.559
486 2.591 2.556 2.561 2.559
487 2.603 2.556 2.556 2.560
488 2.522 2.559 2.561 2.559
489 2.447 2.556 2.561 2.552
490 2.495 2.556 2.567 2.565
491 2.537 2.567 2.555 2.560
492 2.512 2.556 2.555 2.562
493 2.530 2.567 2.559 2.562
494 2.605 2.556 2.561 2.562
495 2.580 2.556 2.559 2.560
496 2.656 2.559 2.555 2.562
497 2.209 2.556 2.561 2.562
498 2.581 2.556 2.555 2.552
499 2.675 2.567 2.561 2.562
500 2.644 2.560 2.556 2.562
501 2.656 2.556 2.556 2.562
502 2.446 2.556 2.555 2.562
503 2.583 2.559 2.561 2.560
504 2.398 2.567 2.559 2.552
505 2.538 2.567 2.561 2.562
506 2.537 2.556 2.556 2.560
507 2.513 2.556 2.555 2.560
508 2.520 2.556 2.567 2.565
509 2.510 2.559 2.559 2.559
510 2.442 2.556 2.567 2.559
511 2.554 2.556 2.567 2.559
512 2.560 2.556 2.559 2.565
513 2.530 2.556 2.559 2.559
514 2.412 2.559 2.567 2.552
515 2.431 2.556 2.567 2.559
516 2.481 2.556 2.556 2.562
517 2.473 2.556 2.559 2.552
518 2.338 2.559 2.555 2.552
519 2.459 2.556 2.567 2.560
520 2.386 2.556 2.561 2.560
521 2.338 2.567 2.567 2.565
522 2.452 2.556 2.555 2.565
523 2.489 2.559 2.561 2.552
524 2.332 2.559 2.567 2.565
525 2.337 2.567 2.556 2.560
526 2.493 2.560 2.555 2.552
527 2.531 2.567 2.567 2.560
528 2.510 2.560 2.567 2.552
529 2.297 2.560 2.559 2.559
530 2.382 2.556 2.561 2.562
531 2.371 2.567 2.555 2.562
532 2.554 2.560 2.561 2.565
533 2.350 2.559 2.559 2.552
534 2.373 2.556 2.555 2.562
535 2.377 2.560 2.567 2.562
536 2.393 2.567 2.559 2.565
537 2.426 2.567 2.567 2.560
538 2.431 2.556 2.561 2.562
539 2.373 2.560 2.555 2.560
540 2.473 2.567 2.556 2.552
541 2.400 2.567 2.567 2.560
542 2.328 2.567 2.556 2.565
543 2.308 2.560 2.561 2.559
544 2.305 2.556 2.567 2.562
545 2.474 2.567 2.556 2.559
546 2.512 2.556 2.559 2.552
547 2.312 2.560 2.561 2.560
548 2.369 2.559 2.556 2.562
549 2.348 2.559 2.567 2.562
550 2.456 2.559 2.561 2.552
551 2.522 2.556 2.559 2.560
552 2.367 2.556 2.561 2.562
553 2.398 2.567 2.556 2.565
554 2.505 2.560 2.567 2.565
555 2.491 2.560 2.567 2.559
556 2.348 2.560 2.559 2.565
557 2.358 2.567 2.556 2.565
558 2.400 2.560 2.555 2.562
559 2.504 2.559 2.559 2.565
560 2.332 2.560 2.555 2.552
561 2.334 2.559 2.559 2.560
562 2.367 2.556 2.555 2.559
563 2.295 2.556 2.559 2.565
564 2.318 2.567 2.561 2.565
565 2.500 2.567 2.555 2.559
566 2.330 2.567 2.567 2.565
567 2.590 2.560 2.561 2.560
568 2.569 2.559 2.559 2.565
569 2.530 2.567 2.556 2.559
570 2.543 2.560 2.555 2.565
571 2.540 2.559 2.559 2.565
572 2.574 2.559 2.556 2.565
573 2.565 2.560 2.561 2.560
574 2.540 2.556 2.555 2.559
575 2.555 2.567 2.559 2.560
576 2.530 2.560 2.555 2.565
577 2.502 2.556 2.567 2.552
578 2.530 2.560 2.567 2.552
579 2.504 2.556 2.559 2.559
580 2.560 2.556 2.559 2.560
581 2.533 2.567 2.561 2.562
582 2.545 2.559 2.556 2.560
583 2.566 2.559 2.556 2.552
584 2.558 2.559 2.556 2.562
585 2.509 2.560 2.556 2.559
586 2.545 2.560 2.559 2.552
587 2.562 2.556 2.556 2.562
588 2.571 2.567 2.559 2.565
589 2.535 2.560 2.567 2.559
590 2.575 2.560 2.561 2.560
591 2.561 2.556 2.567 2.565
592 2.572 2.567 2.561 2.562
593 2.631 2.559 2.555 2.552
594 2.579 2.567 2.556 2.559
595 2.569 2.556 2.567 2.565
596 2.549 2.556 2.556 2.552
597 2.540 2.567 2.555 2.552
598 2.522 2.559 2.555 2.560
599 2.517 2.567 2.555 2.559
600 2.512 2.560 2.555 2.559
601 2.473 2.567 2.567 2.565
602 2.452 2.556 2.567 2.552
603 2.367 2.559 2.561 2.560
604 2.308 2.556 2.555 2.565
605 2.553 2.556 2.561 2.565
606 2.554 2.560 2.561 2.560
607 2.627 2.556 2.567 2.559
608 2.642 2.556 2.555 2.552
609 2.642 2.556 2.556 2.562
610 2.646 2.567 2.561 2.560
611 2.646 2.556 2.559 2.552
612 2.648 2.560 2.561 2.562
613 2.656 2.560 2.556 2.552
614 2.659 2.556 2.556 2.560
615 2.659 2.560 2.561 2.562
616 2.660 2.559 2.556 2.562
617 2.694 2.560 2.555 2.562
618 2.517 2.556 2.556 2.565
619 2.476 2.567 2.555 2.552
620 2.533 2.556 2.567 2.552
621 2.600 2.567 2.567 2.562
622 2.643 2.556 2.555 2.559
623 2.545 2.560 2.561 2.562
624 2.542 2.556 2.556 2.559
625 2.438 2.556 2.556 2.552
626 2.318 2.567 2.555 2.559
627 2.590 2.560 2.567 2.565
628 2.538 2.556 2.567 2.565
629 2.508 2.567 2.561 2.565
630 2.514 2.560 2.561 2.559
631 2.495 2.556 2.555 2.565
632 2.556 2.567 2.559 2.552
633 2.636 2.560 2.567 2.552
634 2.616 2.567 2.556 2.552
635 2.636 2.560 2.567 2.559
636 2.665 2.560 2.556 2.552
637 2.599 2.556 2.561 2.559
638 2.588 2.559 2.559 2.552
639 2.568 2.556 2.555 2.562
640 2.662 2.556 2.559 2.559
641 2.612 2.556 2.567 2.559
642 2.493 2.559 2.561 2.559
643 2.403 2.559 2.567 2.552
644 2.470 2.559 2.559 2.560
645 2.631 2.560 2.559 2.552
646 2.513 2.560 2.561 2.559
647 2.505 2.556 2.561 2.562
648 2.548 2.560 2.561 2.565
649 2.555 2.556 2.555 2.559
650 2.531 2.556 2.567 2.562
651 2.653 2.556 2.559 2.552
652 2.600 2.556 2.561 2.562
653 2.572 2.559 2.555 2.552
654 2.600 2.556 2.559 2.559
655 2.559 2.556 2.561 2.560
656 2.505 2.560 2.567 2.560
657 2.526 2.559 2.561 2.565
658 2.574 2.556 2.556 2.552
659 2.639 2.559 2.556 2.560
660 2.644 2.556 2.559 2.559
661 2.605 2.560 2.561 2.560
662 2.642 2.556 2.561 2.552
663 2.412 2.556 2.561 2.562
664 2.447 2.567 2.559 2.562
665 2.600 2.560 2.567 2.562
666 2.438 2.559 2.556 2.562
667 2.603 2.556 2.555 2.565
668 2.520 2.556 2.555 2.552
669 2.517 2.556 2.559 2.560
670 2.114 2.559 2.561 2.552
671 2.233 2.560 2.559 2.559
672 2.238 2.559 2.567 2.559
673 2.272 2.559 2.567 2.565
674 2.299 2.559 2.555 2.562
675 2.299 2.556 2.559 2.552
676 2.308 2.556 2.556 2.552
677 2.348 2.556 2.561 2.562
678 2.348 2.560 2.559 2.552
679 2.406 2.559 2.555 2.562
680 2.518 2.556 2.559 2.559
681 2.525 2.556 2.561 2.559
682 2.537 2.559 2.559 2.565
683 2.538 2.560 2.556 2.560
684 2.540 2.560 2.567 2.562
685 2.560 2.556 2.561 2.559
686 2.560 2.559 2.555 2.560
687 2.560 2.567 2.559 2.559
688 2.563 2.560 2.556 2.562
689 2.566 2.556 2.567 2.562
690 2.584 2.567 2.556 2.560
691 2.588 2.556 2.559 2.560
692 2.589 2.556 2.561 2.562
693 2.589 2.567 2.567 2.552
694 2.591 2.560 2.561 2.562
695 2.593 2.560 2.556 2.552
696 2.594 2.567 2.567 2.565
697 2.595 2.559 2.556 2.559
698 2.614 2.567 2.561 2.560
699 2.618 2.559 2.559 2.552
700 2.622 2.556 2.555 2.562
701 2.622 2.559 2.567 2.552
702 2.628 2.556 2.561 2.562
703 2.634 2.560 2.567 2.559
704 2.635 2.559 2.556 2.559
705 2.636 2.556 2.555 2.559
706 2.660 2.560 2.555 2.562
707 2.662 2.556 2.556 2.562
708 2.675 2.567 2.555 2.552
709 2.677 2.556 2.555 2.552
710 2.679 2.559 2.567 2.562
711 2.686 2.567 2.556 2.565
712 2.694 2.556 2.567 2.565
713 2.702 2.556 2.556 2.565
714 2.710 2.556 2.567 2.562
715 2.719 2.556 2.556 2.559
716 2.732 2.560 2.567 2.562
717 2.735 2.556 2.555 2.560
718 2.740 2.559 2.555 2.552
719 2.762 2.559 2.561 2.560
720 2.764 2.556 2.556 2.552
721 2.777 2.556 2.559 2.560
722 2.778 2.556 2.559 2.565
723 2.791 2.559 2.567 2.559
724 2.795 2.559 2.556 2.559
725 2.797 2.556 2.559 2.560
726 2.616 2.559 2.555 2.559
727 2.491 2.559 2.567 2.560
728 2.526 2.556 2.561 2.552
729 2.581 2.556 2.555 2.552
730 2.639 2.560 2.559 2.559
731 2.594 2.559 2.559 2.565
732 2.318 2.567 2.561 2.552
733 2.666 2.560 2.556 2.562
734 2.534 2.559 2.559 2.560
735 2.344 2.560 2.555 2.560
736 2.592 2.560 2.555 2.559
737 2.398 2.556 2.567 2.552
738 2.444 2.556 2.556 2.560
739 2.467 2.567 2.567 2.552
740 2.610 2.556 2.561 2.565
741 2.584 2.567 2.561 2.565
742 2.375 2.559 2.559 2.565
743 2.514 2.567 2.555 2.552
744 2.602 2.567 2.556 2.552
745 2.622 2.559 2.559 2.562
746 2.605 2.560 2.556 2.560
747 2.484 2.567 2.561 2.552
748 2.342 2.556 2.555 2.562
749 2.484 2.559 2.559 2.562
750 2.364 2.567 2.561 2.552
751 2.358 2.556 2.567 2.552
752 2.562 2.556 2.567 2.560
753 2.505 2.556 2.559 2.560
754 2.656 2.560 2.556 2.565
755 2.459 2.556 2.555 2.565
756 2.504 2.560 2.559 2.552
757 2.614 2.556 2.561 2.552
758 2.618 2.560 2.556 2.559
759 2.622 2.560 2.555 2.552
760 2.627 2.556 2.556 2.562
761 2.642 2.559 2.555 2.552
762 2.645 2.559 2.559 2.559
763 2.647 2.556 2.559 2.562
764 2.652 2.567 2.567 2.560
765 2.654 2.556 2.559 2.562
766 2.656 2.559 2.559 2.565
767 2.656 2.556 2.556 2.560
768 2.662 2.556 2.555 2.552
769 2.664 2.560 2.559 2.560
770 2.666 2.556 2.567 2.559
771 2.670 2.556 2.559 2.559
772 2.670 2.560 2.559 2.565
773 2.672 2.559 2.556 2.559
774 2.675 2.560 2.567 2.565
775 2.675 2.556 2.556 2.562
776 2.680 2.560 2.559 2.565
777 2.680 2.567 2.555 2.562
778 2.684 2.567 2.555 2.559
779 2.684 2.567 2.555 2.565
780 2.689 2.559 2.559 2.552
781 2.689 2.556 2.561 2.562
782 2.693 2.556 2.555 2.552
783 2.693 2.560 2.555 2.552
784 2.694 2.559 2.555 2.562
785 2.694 2.556 2.567 2.552
786 2.695 2.560 2.556 2.559
787 2.697 2.556 2.555 2.559
788 2.697 2.559 2.556 2.562
789 2.699 2.560 2.555 2.552
790 2.699 2.560 2.555 2.552
791 2.700 2.567 2.567 2.552
792 2.700 2.559 2.556 2.565
793 2.702 2.556 2.556 2.562
794 2.705 2.560 2.559 2.565
795 2.706 2.556 2.567 2.559
796 2.708 2.556 2.556 2.562
797 2.708 2.556 2.559 2.562
798 2.710 2.560 2.567 2.560
799 2.710 2.567 2.561 2.560
800 2.715 2.556 2.559 2.552
801 2.719 2.560 2.555 2.560
802 2.719 2.559 2.561 2.552
803 2.719 2.560 2.559 2.565
804 2.728 2.560 2.556 2.565
805 2.731 2.560 2.556 2.565
806 2.731 2.556 2.555 2.565
807 2.731 2.556 2.567 2.559
808 2.735 2.556 2.559 2.559
809 2.740 2.559 2.567 2.562
810 2.743 2.560 2.559 2.559
811 2.744 2.560 2.561 2.552
812 2.795 2.559 2.555 2.560
813 2.801 2.559 2.559 2.560
814 2.719 2.567 2.561 2.552
815 2.764 2.559 2.556 2.552
816 2.732 2.560 2.561 2.559
817 2.791 2.567 2.559 2.565
818 2.740 2.560 2.559 2.552
819 2.737 2.556 2.556 2.552
820 2.767 2.567 2.559 2.560
821 2.777 2.556 2.561 2.559
822 2.821 2.556 2.556 2.552
823 2.818 2.556 2.555 2.562
824 2.831 2.567 2.556 2.565
825 2.766 2.556 2.561 2.562
826 2.839 2.559 2.567 2.560
827 2.815 2.560 2.559 2.552
828 2.769 2.559 2.567 2.560
829 2.773 2.567 2.561 2.552
830 2.823 2.567 2.559 2.565
831 2.814 2.556 2.559 2.552
832 2.795 2.560 2.561 2.562
833 2.791 2.556 2.561 2.562
834 2.795 2.556 2.559 2.560
835 2.801 2.560 2.555 2.562
836 2.762 2.567 2.561 2.560
837 2.797 2.560 2.561 2.552
838 2.810 2.567 2.555 2.565
839 2.791 2.567 2.567 2.552
840 2.789 2.556 2.559 2.552
841 2.772 2.556 2.556 2.559
842 2.763 2.556 2.555 2.560
843 2.758 2.556 2.555 2.562
844 2.762 2.559 2.567 2.560
845 2.725 2.556 2.559 2.560
846 2.706 2.567 2.561 2.559
847 2.723 2.559 2.567 2.559
848 2.808 2.556 2.567 2.560
849 2.795 2.567 2.556 2.560
850 2.762 2.556 2.567 2.552
851 2.778 2.567 2.561 2.562
852 2.812 2.559 2.556 2.562
853 2.768 2.556 2.567 2.559
854 2.730 2.559 2.556 2.562
855 2.762 2.560 2.561 2.560
856 2.740 2.556 2.555 2.552
857 2.756 2.556 2.555 2.565
858 2.758 2.556 2.561 2.560
859 2.778 2.559 2.561 2.552
860 2.762 2.556 2.555 2.559
861 2.821 2.556 2.567 2.552
862 2.821 2.556 2.561 2.560
863 2.788 2.567 2.567 2.552
864 2.817 2.556 2.561 2.552
865 2.838 2.567 2.561 2.565
866 2.808 2.556 2.561 2.559
867 2.805 2.556 2.556 2.559
868 2.812 2.560 2.561 2.562
869 2.777 2.559 2.559 2.559
870 2.714 2.556 2.561 2.559
871 2.788 2.567 2.555 2.562
