data_index logTg.observed logTg.predicted.repeat1 logTg.predicted.repeat2 logTg.predicted.repeat3
1 2.708 2.452 2.452 2.454
2 2.852 2.480 2.484 2.469
3 2.818 2.541 2.526 2.551
4 2.718 2.558 2.539 2.457
5 2.755 2.559 2.558 2.556
6 2.769 2.381 2.381 2.381
7 2.742 2.470 2.477 2.479
8 2.727 2.543 2.524 2.540
9 2.785 2.449 2.441 2.435
10 2.822 2.525 2.523 2.514
11 2.842 2.606 2.585 2.622
12 2.745 2.545 2.690 2.675
13 2.750 2.461 2.561 2.549
14 2.751 2.556 2.678 2.690
15 2.779 2.677 2.679 2.722
16 2.756 2.482 2.484 2.487
17 2.767 2.516 2.519 2.515
18 2.846 2.592 2.579 2.574
19 2.746 2.586 2.635 2.574
20 2.810 2.603 2.581 2.608
21 2.726 2.606 2.549 2.592
22 2.672 2.409 2.383 2.398
23 2.681 2.575 2.574 2.571
24 2.810 2.633 2.590 2.567
25 2.763 2.577 2.553 2.490
26 2.752 2.560 2.585 2.539
27 2.792 2.580 2.527 2.581
28 2.790 2.674 2.676 2.570
29 2.783 2.528 2.483 2.527
30 2.778 2.639 2.659 2.645
31 2.799 2.479 2.490 2.475
32 2.909 2.479 2.452 2.466
33 2.887 2.525 2.545 2.541
34 2.777 2.505 2.505 2.501
35 2.696 2.474 2.451 2.443
36 2.733 2.469 2.462 2.459
37 2.785 2.690 2.689 2.684
38 2.808 2.466 2.489 2.464
39 2.687 2.656 2.634 2.617
40 2.759 2.546 2.548 2.549
41 2.721 2.487 2.577 2.578
42 2.732 2.522 2.564 2.560
43 2.819 2.602 2.587 2.590
44 2.688 2.488 2.494 2.461
45 2.590 2.586 2.597 2.585
46 2.290 2.454 2.404 2.400
47 2.651 2.536 2.546 2.554
48 2.558 2.483 2.479 2.453
49 2.513 2.465 2.454 2.476
50 2.368 2.346 2.457 2.453
51 2.549 2.478 2.490 2.472
52 2.700 2.461 2.467 2.467
53 2.636 2.519 2.682 2.528
54 2.436 2.489 2.492 2.486
55 2.272 2.361 2.358 2.352
56 2.467 2.609 2.578 2.615
57 2.500 2.497 2.500 2.521
58 2.512 2.435 2.468 2.447
59 2.520 2.502 2.480 2.488
60 2.516 2.395 2.423 2.389
61 2.238 2.395 2.409 2.408
62 2.322 2.429 2.431 2.427
63 2.697 2.610 2.614 2.605
64 2.559 2.494 2.603 2.614
65 2.325 2.369 2.389 2.354
66 2.414 2.412 2.411 2.415
67 2.400 2.419 2.423 2.420
68 2.308 2.413 2.413 2.413
69 2.308 2.378 2.383 2.390
70 2.314 2.380 2.376 2.374
71 2.500 2.443 2.442 2.461
72 2.511 2.589 2.633 2.611
73 2.388 2.551 2.545 2.529
74 2.587 2.566 2.573 2.542
75 2.316 2.458 2.463 2.432
76 2.362 2.442 2.443 2.446
77 2.554 2.485 2.476 2.468
78 2.583 2.572 2.569 2.521
79 2.541 2.676 2.613 2.678
80 2.350 2.457 2.467 2.425
81 2.277 2.464 2.479 2.447
82 2.463 2.654 2.662 2.650
83 2.290 2.452 2.446 2.441
84 2.573 2.552 2.529 2.558
85 2.699 2.518 2.512 2.505
86 2.543 2.512 2.480 2.508
87 2.497 2.452 2.455 2.455
88 2.555 2.525 2.496 2.522
89 2.576 2.476 2.476 2.476
90 2.618 2.537 2.524 2.537
91 2.348 2.468 2.423 2.440
92 2.589 2.491 2.475 2.481
93 2.170 2.408 2.310 2.332
94 2.420 2.566 2.562 2.563
95 2.367 2.461 2.467 2.475
96 2.400 2.469 2.471 2.467
97 2.405 2.461 2.443 2.454
98 2.344 2.383 2.390 2.377
99 2.314 2.452 2.454 2.454
100 2.288 2.319 2.327 2.316
101 2.316 2.378 2.370 2.371
102 2.274 2.367 2.367 2.359
103 2.288 2.386 2.384 2.359
104 2.316 2.422 2.390 2.418
105 2.295 2.380 2.379 2.388
106 2.592 2.568 2.583 2.564
107 2.480 2.459 2.459 2.459
108 2.340 2.415 2.387 2.410
109 2.452 2.502 2.490 2.483
110 2.415 2.472 2.453 2.454
111 2.479 2.521 2.522 2.518
112 2.400 2.448 2.473 2.480
113 2.514 2.538 2.538 2.553
114 2.367 2.459 2.436 2.429
115 2.403 2.443 2.441 2.439
116 2.338 2.404 2.362 2.364
117 2.435 2.504 2.494 2.509
118 2.483 2.492 2.495 2.499
119 2.170 2.445 2.460 2.461
120 2.338 2.483 2.490 2.469
121 2.428 2.387 2.361 2.377
122 2.467 2.425 2.432 2.417
123 2.489 2.535 2.518 2.542
124 2.510 2.569 2.525 2.574
125 2.510 2.517 2.413 2.533
126 2.578 2.577 2.555 2.577
127 2.540 2.467 2.465 2.464
128 2.430 2.502 2.437 2.510
129 2.554 2.452 2.471 2.441
130 2.290 2.512 2.517 2.512
131 2.467 2.496 2.515 2.508
132 2.576 2.554 2.569 2.577
133 2.555 2.579 2.583 2.571
134 2.483 2.513 2.513 2.513
135 2.562 2.574 2.595 2.583
136 2.578 2.563 2.540 2.543
137 2.308 2.407 2.429 2.444
138 2.579 2.448 2.454 2.466
139 2.621 2.521 2.521 2.521
140 2.272 2.293 2.329 2.299
141 2.588 2.466 2.487 2.491
142 2.542 2.463 2.441 2.445
143 2.352 2.608 2.607 2.454
144 2.514 2.583 2.617 2.597
145 2.538 2.728 2.757 2.766
146 2.537 2.522 2.528 2.534
147 2.612 2.501 2.498 2.494
148 2.572 2.550 2.510 2.531
149 2.354 2.478 2.598 2.598
150 2.695 2.487 2.480 2.495
151 2.559 2.500 2.564 2.541
152 2.408 2.466 2.451 2.438
153 2.593 2.507 2.526 2.509
154 2.643 2.557 2.554 2.519
155 2.548 2.627 2.616 2.589
156 2.693 2.518 2.550 2.541
157 2.522 2.486 2.480 2.408
158 2.635 2.491 2.494 2.486
159 2.626 2.497 2.505 2.481
160 2.535 2.519 2.498 2.485
161 2.572 2.476 2.472 2.471
162 2.348 2.437 2.478 2.482
163 2.348 2.437 2.452 2.442
164 2.290 2.451 2.450 2.461
165 2.560 2.456 2.453 2.456
166 2.449 2.487 2.500 2.492
167 2.542 2.458 2.444 2.455
168 2.593 2.541 2.522 2.516
169 2.590 2.568 2.550 2.572
170 2.579 2.522 2.502 2.545
171 2.320 2.380 2.382 2.372
172 2.408 2.462 2.468 2.438
173 2.612 2.512 2.511 2.512
174 2.279 2.426 2.411 2.418
175 2.308 2.338 2.342 2.374
176 2.316 2.346 2.321 2.347
177 2.318 2.434 2.434 2.436
178 2.328 2.427 2.408 2.407
179 2.497 2.456 2.460 2.444
180 2.502 2.561 2.518 2.536
181 2.504 2.487 2.491 2.501
182 2.518 2.500 2.492 2.427
183 2.520 2.465 2.457 2.442
184 2.413 2.461 2.441 2.465
185 2.446 2.514 2.493 2.512
186 2.522 2.539 2.550 2.537
187 2.572 2.529 2.510 2.531
188 2.573 2.567 2.567 2.567
189 2.367 2.459 2.468 2.447
190 2.340 2.415 2.419 2.405
191 2.367 2.462 2.462 2.475
192 2.578 2.577 2.572 2.577
193 2.562 2.554 2.570 2.566
194 2.338 2.461 2.469 2.454
195 2.290 2.466 2.464 2.467
196 2.310 2.421 2.390 2.401
197 2.403 2.411 2.369 2.389
198 2.342 2.429 2.431 2.400
199 2.403 2.434 2.432 2.452
200 2.498 2.484 2.496 2.467
201 2.504 2.449 2.446 2.562
202 2.509 2.466 2.455 2.471
203 2.423 2.495 2.468 2.472
204 2.431 2.476 2.469 2.462
205 2.467 2.462 2.409 2.421
206 2.477 2.465 2.463 2.437
207 2.522 2.456 2.462 2.445
208 2.542 2.453 2.452 2.451
209 2.578 2.444 2.452 2.433
210 2.433 2.468 2.477 2.473
211 2.653 2.508 2.517 2.506
212 2.518 2.574 2.596 2.562
213 2.594 2.592 2.585 2.585
214 2.610 2.635 2.645 2.623
215 2.592 2.576 2.590 2.593
216 2.571 2.574 2.585 2.580
217 2.643 2.635 2.630 2.639
218 2.582 2.601 2.590 2.604
219 2.589 2.587 2.604 2.592
220 2.580 2.544 2.546 2.580
221 2.555 2.559 2.590 2.578
222 2.560 2.583 2.589 2.591
223 2.583 2.605 2.623 2.611
224 2.587 2.615 2.620 2.620
225 2.560 2.561 2.563 2.578
226 2.535 2.536 2.535 2.541
227 2.542 2.587 2.586 2.590
228 2.561 2.620 2.639 2.648
229 2.549 2.588 2.592 2.587
230 2.548 2.648 2.644 2.647
231 2.595 2.584 2.588 2.569
232 2.605 2.638 2.635 2.656
233 2.514 2.552 2.554 2.526
234 2.528 2.635 2.639 2.627
235 2.538 2.554 2.562 2.533
236 2.626 2.588 2.597 2.601
237 2.648 2.623 2.619 2.616
238 2.607 2.621 2.615 2.590
239 2.601 2.579 2.594 2.596
240 2.558 2.574 2.571 2.591
241 2.529 2.549 2.550 2.558
242 2.493 2.555 2.574 2.563
243 2.504 2.557 2.548 2.580
244 2.597 2.580 2.572 2.578
245 2.561 2.571 2.584 2.556
246 2.569 2.599 2.601 2.627
247 2.548 2.526 2.544 2.536
248 2.548 2.486 2.511 2.506
249 2.594 2.579 2.582 2.585
250 2.650 2.604 2.609 2.607
251 2.661 2.657 2.634 2.647
252 2.598 2.589 2.591 2.592
253 2.669 2.689 2.671 2.685
254 2.607 2.622 2.646 2.640
255 2.650 2.591 2.578 2.598
256 2.599 2.582 2.589 2.630
257 2.659 2.638 2.644 2.629
258 2.656 2.607 2.616 2.610
259 2.660 2.604 2.627 2.625
260 2.619 2.597 2.616 2.583
261 2.580 2.638 2.651 2.666
262 2.566 2.558 2.566 2.564
263 2.498 2.575 2.583 2.576
264 2.516 2.568 2.580 2.547
265 2.505 2.566 2.574 2.584
266 2.498 2.571 2.574 2.543
267 2.516 2.566 2.575 2.586
268 2.553 2.583 2.573 2.571
269 2.543 2.586 2.596 2.591
270 2.548 2.589 2.586 2.590
271 2.559 2.580 2.589 2.585
272 2.578 2.617 2.619 2.596
273 2.582 2.612 2.613 2.616
274 2.583 2.614 2.628 2.626
275 2.595 2.609 2.604 2.612
276 2.670 2.629 2.664 2.592
277 2.618 2.610 2.611 2.590
278 2.600 2.645 2.654 2.649
279 2.613 2.606 2.607 2.610
280 2.594 2.594 2.576 2.568
281 2.623 2.556 2.557 2.535
282 2.567 2.519 2.508 2.487
283 2.344 2.413 2.412 2.413
284 2.358 2.406 2.461 2.400
285 2.371 2.435 2.440 2.413
286 2.378 2.462 2.467 2.450
287 2.382 2.447 2.433 2.427
288 2.396 2.498 2.494 2.483
289 2.635 2.520 2.519 2.511
290 2.627 2.545 2.538 2.518
291 2.498 2.501 2.496 2.499
292 2.677 2.524 2.501 2.504
293 2.636 2.685 2.694 2.699
294 2.636 2.537 2.537 2.493
295 2.435 2.554 2.573 2.581
296 2.444 2.450 2.457 2.471
297 2.444 2.433 2.453 2.448
298 2.453 2.544 2.497 2.552
299 2.456 2.442 2.460 2.432
300 2.467 2.430 2.434 2.422
301 2.470 2.489 2.506 2.482
302 2.486 2.618 2.583 2.611
303 2.491 2.461 2.454 2.468
304 2.495 2.455 2.468 2.463
305 2.498 2.458 2.467 2.457
306 2.500 2.462 2.495 2.458
307 2.505 2.484 2.504 2.493
308 2.510 2.466 2.460 2.488
309 2.510 2.469 2.494 2.468
310 2.628 2.501 2.486 2.481
311 2.518 2.492 2.482 2.491
312 2.518 2.519 2.524 2.547
313 2.525 2.484 2.443 2.463
314 2.535 2.535 2.548 2.547
315 2.543 2.613 2.562 2.601
316 2.544 2.544 2.526 2.502
317 2.555 2.577 2.547 2.511
318 2.555 2.524 2.535 2.551
319 2.556 2.546 2.551 2.586
320 2.556 2.546 2.541 2.544
321 2.560 2.526 2.524 2.529
322 2.568 2.554 2.542 2.549
323 2.573 2.495 2.503 2.499
324 2.575 2.525 2.527 2.504
325 2.576 2.526 2.534 2.551
326 2.576 2.476 2.476 2.479
327 2.578 2.506 2.495 2.501
328 2.560 2.557 2.571 2.613
329 2.578 2.522 2.521 2.518
330 2.584 2.531 2.534 2.525
331 2.584 2.521 2.510 2.513
332 2.586 2.553 2.554 2.558
333 2.587 2.624 2.611 2.638
334 2.588 2.576 2.578 2.585
335 2.594 2.599 2.533 2.574
336 2.594 2.535 2.568 2.534
337 2.595 2.520 2.541 2.545
338 2.597 2.514 2.523 2.511
339 2.600 2.551 2.533 2.550
340 2.603 2.540 2.544 2.538
341 2.604 2.531 2.559 2.590
342 2.608 2.544 2.532 2.540
343 2.614 2.564 2.566 2.577
344 2.612 2.515 2.528 2.501
345 2.616 2.558 2.516 2.570
346 2.618 2.533 2.536 2.518
347 2.619 2.580 2.551 2.580
348 2.620 2.545 2.530 2.547
349 2.621 2.535 2.605 2.616
350 2.621 2.521 2.521 2.521
351 2.312 2.412 2.363 2.348
352 2.337 2.464 2.462 2.480
353 2.358 2.485 2.474 2.483
354 2.367 2.484 2.471 2.488
355 2.386 2.454 2.474 2.454
356 2.406 2.507 2.507 2.505
357 2.415 2.480 2.492 2.484
358 2.495 2.500 2.479 2.483
359 2.504 2.456 2.444 2.504
360 2.474 2.482 2.527 2.518
361 2.516 2.533 2.507 2.536
362 2.358 2.444 2.447 2.431
363 2.573 2.609 2.567 2.567
364 2.518 2.497 2.494 2.499
365 2.548 2.493 2.512 2.517
366 2.560 2.593 2.604 2.586
367 2.560 2.499 2.480 2.470
368 2.572 2.478 2.485 2.481
369 2.591 2.489 2.490 2.487
370 2.603 2.665 2.633 2.658
371 2.634 2.594 2.587 2.576
372 2.589 2.540 2.604 2.588
373 2.605 2.568 2.560 2.562
374 2.610 2.574 2.582 2.582
375 2.613 2.550 2.547 2.570
376 2.623 2.596 2.593 2.575
377 2.598 2.540 2.536 2.543
378 2.622 2.630 2.648 2.620
379 2.624 2.534 2.554 2.516
380 2.625 2.570 2.568 2.567
381 2.643 2.575 2.579 2.574
382 2.647 2.576 2.581 2.578
383 2.652 2.578 2.585 2.583
384 2.652 2.600 2.593 2.597
385 2.669 2.525 2.490 2.527
386 2.675 2.626 2.632 2.635
387 2.683 2.500 2.504 2.506
388 2.683 2.708 2.727 2.689
389 2.699 2.729 2.734 2.724
390 2.703 2.590 2.586 2.583
391 2.709 2.786 2.844 2.810
392 2.716 2.595 2.598 2.604
393 2.716 2.676 2.732 2.691
394 2.733 2.795 2.796 2.675
395 2.737 2.684 2.720 2.707
396 2.758 2.628 2.609 2.636
397 2.763 2.661 2.655 2.666
398 2.766 2.661 2.655 2.663
399 2.773 2.692 2.693 2.713
400 2.783 2.697 2.706 2.711
401 2.789 2.599 2.625 2.600
402 2.791 2.720 2.738 2.704
403 2.818 2.697 2.695 2.672
404 2.825 2.585 2.603 2.593
405 2.828 2.747 2.747 2.750
406 2.510 2.611 2.633 2.558
407 2.342 2.486 2.497 2.487
408 2.380 2.479 2.473 2.482
409 2.528 2.553 2.556 2.531
410 2.537 2.554 2.553 2.557
411 2.550 2.583 2.574 2.576
412 2.556 2.470 2.496 2.486
413 2.599 2.564 2.566 2.571
414 2.605 2.546 2.549 2.555
415 2.614 2.598 2.588 2.600
416 2.736 2.591 2.596 2.593
417 2.623 2.509 2.509 2.497
418 2.572 2.479 2.562 2.573
419 2.693 2.746 2.748 2.738
420 2.299 2.487 2.505 2.487
421 2.612 2.511 2.511 2.512
422 2.279 2.439 2.431 2.434
423 2.403 2.456 2.458 2.459
424 2.283 2.376 2.367 2.369
425 2.274 2.325 2.341 2.366
426 2.292 2.370 2.375 2.369
427 2.295 2.407 2.404 2.407
428 2.314 2.451 2.453 2.421
429 2.324 2.483 2.412 2.474
430 2.328 2.345 2.345 2.344
431 2.328 2.441 2.449 2.450
432 2.579 2.514 2.516 2.523
433 2.449 2.485 2.503 2.492
434 2.400 2.469 2.472 2.479
435 2.403 2.498 2.522 2.505
436 2.498 2.482 2.477 2.490
437 2.340 2.398 2.419 2.405
438 2.578 2.487 2.512 2.464
439 2.510 2.514 2.510 2.490
440 2.514 2.492 2.480 2.497
441 2.563 2.492 2.467 2.435
442 2.562 2.491 2.513 2.469
443 2.580 2.505 2.474 2.453
444 2.594 2.560 2.542 2.551
445 2.538 2.564 2.570 2.542
446 2.403 2.459 2.442 2.461
447 2.334 2.466 2.434 2.405
448 2.334 2.402 2.413 2.402
449 2.360 2.473 2.473 2.473
450 2.502 2.518 2.487 2.481
451 2.518 2.520 2.522 2.524
452 2.428 2.357 2.360 2.375
453 2.467 2.400 2.437 2.421
454 2.467 2.530 2.545 2.552
455 2.483 2.465 2.469 2.473
456 2.486 2.542 2.500 2.539
457 2.431 2.482 2.484 2.498
458 2.594 2.594 2.587 2.585
459 2.469 2.515 2.528 2.530
460 2.427 2.519 2.528 2.513
461 2.412 2.512 2.508 2.505
462 2.384 2.367 2.343 2.363
463 2.347 2.342 2.409 2.408
464 2.339 2.347 2.353 2.341
465 2.436 2.525 2.530 2.545
466 2.470 2.566 2.592 2.596
467 2.427 2.532 2.558 2.540
468 2.364 2.536 2.513 2.544
469 2.339 2.564 2.569 2.565
470 2.452 2.506 2.500 2.508
471 2.329 2.402 2.413 2.402
472 2.501 2.482 2.491 2.480
473 2.373 2.451 2.484 2.454
474 2.482 2.487 2.509 2.493
475 2.321 2.424 2.424 2.442
476 2.314 2.406 2.425 2.428
477 2.312 2.470 2.485 2.478
478 2.321 2.399 2.423 2.384
479 2.318 2.391 2.421 2.405
480 2.459 2.346 2.340 2.408
481 2.461 2.506 2.485 2.529
482 2.594 2.510 2.594 2.622
483 2.371 2.480 2.455 2.459
484 2.456 2.535 2.534 2.532
485 2.636 2.492 2.533 2.499
486 2.591 2.601 2.573 2.616
487 2.603 2.502 2.499 2.506
488 2.522 2.433 2.507 2.556
489 2.447 2.325 2.314 2.317
490 2.495 2.405 2.363 2.387
491 2.537 2.440 2.467 2.472
492 2.512 2.380 2.370 2.413
493 2.530 2.569 2.415 2.571
494 2.605 2.577 2.563 2.616
495 2.580 2.471 2.543 2.588
496 2.656 2.620 2.616 2.613
497 2.209 2.547 2.461 2.547
498 2.581 2.576 2.582 2.568
499 2.675 2.533 2.590 2.534
500 2.644 2.596 2.594 2.597
501 2.656 2.567 2.604 2.570
502 2.446 2.485 2.506 2.490
503 2.583 2.519 2.518 2.535
504 2.398 2.466 2.485 2.472
505 2.538 2.537 2.532 2.541
506 2.537 2.482 2.519 2.537
507 2.513 2.526 2.530 2.534
508 2.520 2.508 2.518 2.533
509 2.510 2.547 2.541 2.581
510 2.442 2.518 2.545 2.522
511 2.554 2.682 2.500 2.684
512 2.560 2.577 2.573 2.579
513 2.530 2.564 2.566 2.573
514 2.412 2.487 2.498 2.478
515 2.431 2.410 2.415 2.403
516 2.481 2.573 2.582 2.571
517 2.473 2.554 2.574 2.577
518 2.338 2.418 2.552 2.423
519 2.459 2.485 2.482 2.480
520 2.386 2.467 2.481 2.480
521 2.338 2.474 2.501 2.518
522 2.452 2.497 2.476 2.491
523 2.489 2.422 2.424 2.418
524 2.332 2.482 2.451 2.479
525 2.337 2.447 2.492 2.461
526 2.493 2.551 2.555 2.580
527 2.531 2.571 2.584 2.563
528 2.510 2.520 2.506 2.506
529 2.297 2.474 2.560 2.508
530 2.382 2.452 2.502 2.493
531 2.371 2.474 2.458 2.461
532 2.554 2.510 2.520 2.523
533 2.350 2.458 2.437 2.436
534 2.373 2.461 2.470 2.471
535 2.377 2.490 2.492 2.440
536 2.393 2.503 2.498 2.497
537 2.426 2.471 2.471 2.441
538 2.431 2.543 2.540 2.560
539 2.373 2.460 2.459 2.460
540 2.473 2.406 2.396 2.410
541 2.400 2.476 2.494 2.475
542 2.328 2.426 2.481 2.447
543 2.308 2.488 2.478 2.471
544 2.305 2.414 2.479 2.450
545 2.474 2.512 2.507 2.500
546 2.512 2.521 2.531 2.547
547 2.312 2.456 2.453 2.440
548 2.369 2.466 2.449 2.459
549 2.348 2.496 2.544 2.451
550 2.456 2.552 2.550 2.545
551 2.522 2.531 2.518 2.519
552 2.367 2.494 2.473 2.538
553 2.398 2.514 2.513 2.488
554 2.505 2.525 2.504 2.525
555 2.491 2.536 2.557 2.572
556 2.348 2.445 2.466 2.466
557 2.358 2.444 2.463 2.440
558 2.400 2.527 2.495 2.500
559 2.504 2.588 2.565 2.578
560 2.332 2.416 2.417 2.414
561 2.334 2.447 2.433 2.390
562 2.367 2.422 2.437 2.435
563 2.295 2.422 2.423 2.449
564 2.318 2.412 2.409 2.435
565 2.500 2.521 2.507 2.506
566 2.330 2.539 2.495 2.577
567 2.590 2.521 2.654 2.651
568 2.569 2.647 2.622 2.656
569 2.530 2.522 2.530 2.542
570 2.543 2.587 2.554 2.640
571 2.540 2.556 2.565 2.568
572 2.574 2.592 2.535 2.571
573 2.565 2.606 2.609 2.603
574 2.540 2.508 2.503 2.504
575 2.555 2.490 2.532 2.537
576 2.530 2.555 2.572 2.557
577 2.502 2.539 2.540 2.539
578 2.530 2.632 2.625 2.570
579 2.504 2.539 2.545 2.517
580 2.560 2.648 2.577 2.642
581 2.533 2.563 2.571 2.555
582 2.545 2.498 2.494 2.461
583 2.566 2.554 2.598 2.616
584 2.558 2.534 2.534 2.537
585 2.509 2.577 2.563 2.579
586 2.545 2.598 2.699 2.713
587 2.562 2.592 2.636 2.618
588 2.571 2.685 2.678 2.680
589 2.535 2.557 2.585 2.563
590 2.575 2.669 2.640 2.603
591 2.561 2.536 2.538 2.544
592 2.572 2.593 2.550 2.565
593 2.631 2.638 2.650 2.664
594 2.579 2.648 2.570 2.586
595 2.569 2.597 2.591 2.576
596 2.549 2.541 2.539 2.573
597 2.540 2.607 2.598 2.587
598 2.522 2.548 2.516 2.567
599 2.517 2.612 2.635 2.598
600 2.512 2.578 2.589 2.592
601 2.473 2.537 2.498 2.536
602 2.452 2.357 2.369 2.367
603 2.367 2.401 2.362 2.367
604 2.308 2.359 2.346 2.367
605 2.553 2.505 2.499 2.480
606 2.554 2.495 2.489 2.501
607 2.627 2.457 2.478 2.479
608 2.642 2.507 2.524 2.512
609 2.642 2.538 2.553 2.559
610 2.646 2.579 2.603 2.615
611 2.646 2.486 2.511 2.478
612 2.648 2.544 2.538 2.553
613 2.656 2.725 2.739 2.739
614 2.659 2.550 2.558 2.548
615 2.659 2.605 2.626 2.624
616 2.660 2.589 2.587 2.595
617 2.694 2.589 2.586 2.595
618 2.517 2.511 2.509 2.492
619 2.476 2.513 2.551 2.506
620 2.533 2.453 2.423 2.505
621 2.600 2.583 2.560 2.517
622 2.643 2.581 2.639 2.623
623 2.545 2.527 2.533 2.562
624 2.542 2.494 2.566 2.563
625 2.438 2.545 2.506 2.505
626 2.318 2.511 2.549 2.547
627 2.590 2.581 2.619 2.578
628 2.538 2.643 2.649 2.641
629 2.508 2.449 2.448 2.436
630 2.514 2.487 2.526 2.520
631 2.495 2.546 2.507 2.567
632 2.556 2.517 2.518 2.544
633 2.636 2.536 2.537 2.493
634 2.616 2.559 2.544 2.570
635 2.636 2.535 2.555 2.567
636 2.665 2.568 2.569 2.561
637 2.599 2.586 2.590 2.601
638 2.588 2.556 2.560 2.592
639 2.568 2.515 2.507 2.481
640 2.662 2.574 2.581 2.524
641 2.612 2.527 2.530 2.502
642 2.493 2.577 2.555 2.568
643 2.403 2.491 2.453 2.480
644 2.470 2.494 2.472 2.500
645 2.631 2.675 2.611 2.611
646 2.513 2.552 2.556 2.551
647 2.505 2.451 2.467 2.465
648 2.548 2.515 2.521 2.507
649 2.555 2.522 2.517 2.491
650 2.531 2.425 2.427 2.416
651 2.653 2.539 2.538 2.527
652 2.600 2.593 2.608 2.602
653 2.572 2.626 2.605 2.582
654 2.600 2.551 2.542 2.550
655 2.559 2.525 2.535 2.524
656 2.505 2.425 2.433 2.416
657 2.526 2.601 2.563 2.571
658 2.574 2.576 2.577 2.572
659 2.639 2.540 2.525 2.536
660 2.644 2.524 2.525 2.523
661 2.605 2.541 2.520 2.552
662 2.642 2.574 2.556 2.520
663 2.412 2.562 2.561 2.562
664 2.447 2.539 2.523 2.509
665 2.600 2.550 2.553 2.587
666 2.438 2.513 2.524 2.548
667 2.603 2.664 2.599 2.653
668 2.520 2.512 2.521 2.506
669 2.517 2.485 2.488 2.504
670 2.114 2.416 2.307 2.302
671 2.233 2.427 2.451 2.448
672 2.238 2.428 2.385 2.417
673 2.272 2.339 2.337 2.384
674 2.299 2.414 2.289 2.288
675 2.299 2.482 2.505 2.483
676 2.308 2.370 2.380 2.367
677 2.348 2.418 2.425 2.433
678 2.348 2.421 2.417 2.427
679 2.406 2.507 2.506 2.507
680 2.518 2.400 2.400 2.333
681 2.525 2.467 2.473 2.462
682 2.537 2.447 2.466 2.378
683 2.538 2.445 2.436 2.445
684 2.540 2.471 2.470 2.464
685 2.560 2.476 2.472 2.466
686 2.560 2.473 2.472 2.463
687 2.560 2.509 2.504 2.534
688 2.563 2.390 2.390 2.390
689 2.566 2.611 2.583 2.596
690 2.584 2.562 2.556 2.572
691 2.588 2.466 2.488 2.488
692 2.589 2.517 2.522 2.515
693 2.589 2.594 2.558 2.588
694 2.591 2.446 2.414 2.405
695 2.593 2.571 2.568 2.563
696 2.594 2.578 2.575 2.568
697 2.595 2.507 2.520 2.526
698 2.614 2.590 2.593 2.579
699 2.618 2.591 2.596 2.588
700 2.622 2.596 2.598 2.592
701 2.622 2.595 2.586 2.583
702 2.628 2.490 2.507 2.493
703 2.634 2.584 2.578 2.598
704 2.635 2.487 2.487 2.495
705 2.636 2.656 2.615 2.611
706 2.660 2.590 2.598 2.595
707 2.662 2.608 2.604 2.611
708 2.675 2.576 2.555 2.573
709 2.677 2.516 2.508 2.515
710 2.679 2.655 2.664 2.660
711 2.686 2.767 2.860 2.798
712 2.694 2.820 2.894 2.869
713 2.702 2.588 2.611 2.612
714 2.710 2.768 2.748 2.749
715 2.719 2.534 2.545 2.547
716 2.732 2.681 2.716 2.722
717 2.735 2.533 2.533 2.542
718 2.740 2.680 2.693 2.661
719 2.762 2.758 2.751 2.744
720 2.764 2.688 2.679 2.672
721 2.777 2.819 2.820 2.819
722 2.778 2.604 2.603 2.600
723 2.791 2.757 2.741 2.750
724 2.795 2.728 2.712 2.742
725 2.797 2.696 2.696 2.696
726 2.616 2.510 2.508 2.573
727 2.491 2.495 2.494 2.508
728 2.526 2.564 2.601 2.563
729 2.581 2.585 2.578 2.572
730 2.639 2.508 2.511 2.495
731 2.594 2.654 2.637 2.644
732 2.318 2.439 2.441 2.446
733 2.666 2.569 2.573 2.568
734 2.534 2.537 2.542 2.552
735 2.344 2.415 2.439 2.411
736 2.592 2.571 2.564 2.579
737 2.398 2.522 2.537 2.534
738 2.444 2.418 2.419 2.440
739 2.467 2.420 2.445 2.382
740 2.610 2.572 2.509 2.546
741 2.584 2.452 2.494 2.438
742 2.375 2.412 2.419 2.418
743 2.514 2.561 2.532 2.562
744 2.602 2.584 2.578 2.571
745 2.622 2.565 2.561 2.568
746 2.605 2.584 2.594 2.576
747 2.484 2.418 2.408 2.418
748 2.342 2.421 2.422 2.447
749 2.484 2.418 2.388 2.388
750 2.364 2.422 2.453 2.427
751 2.358 2.422 2.425 2.448
752 2.562 2.534 2.561 2.532
753 2.505 2.446 2.433 2.429
754 2.656 2.493 2.490 2.500
755 2.459 2.494 2.487 2.503
756 2.504 2.515 2.504 2.527
757 2.614 2.629 2.632 2.636
758 2.618 2.646 2.642 2.635
759 2.622 2.672 2.691 2.692
760 2.627 2.680 2.674 2.650
761 2.642 2.597 2.600 2.600
762 2.645 2.651 2.640 2.647
763 2.647 2.564 2.559 2.569
764 2.652 2.645 2.677 2.691
765 2.654 2.730 2.735 2.755
766 2.656 2.675 2.664 2.652
767 2.656 2.646 2.653 2.634
768 2.662 2.675 2.674 2.665
769 2.664 2.611 2.623 2.618
770 2.666 2.653 2.661 2.663
771 2.670 2.647 2.655 2.660
772 2.670 2.746 2.766 2.726
773 2.672 2.738 2.740 2.730
774 2.675 2.670 2.732 2.747
775 2.675 2.685 2.672 2.682
776 2.680 2.664 2.656 2.659
777 2.680 2.753 2.770 2.764
778 2.684 2.625 2.622 2.623
779 2.684 2.650 2.654 2.685
780 2.689 2.628 2.617 2.612
781 2.689 2.603 2.599 2.598
782 2.693 2.645 2.661 2.657
783 2.693 2.701 2.704 2.691
784 2.694 2.599 2.595 2.587
785 2.694 2.623 2.619 2.616
786 2.695 2.738 2.716 2.750
787 2.697 2.664 2.668 2.669
788 2.697 2.646 2.648 2.657
789 2.699 2.714 2.717 2.711
790 2.699 2.623 2.619 2.612
791 2.700 2.750 2.750 2.739
792 2.700 2.694 2.722 2.716
793 2.702 2.709 2.696 2.689
794 2.705 2.584 2.579 2.569
795 2.706 2.720 2.677 2.685
796 2.708 2.558 2.555 2.577
797 2.708 2.556 2.550 2.573
798 2.710 2.583 2.584 2.575
799 2.710 2.702 2.698 2.700
800 2.715 2.697 2.692 2.730
801 2.719 2.602 2.599 2.598
802 2.719 2.680 2.673 2.678
803 2.719 2.690 2.682 2.687
804 2.728 2.719 2.715 2.723
805 2.731 2.627 2.614 2.618
806 2.731 2.685 2.761 2.766
807 2.731 2.752 2.752 2.757
808 2.735 2.766 2.696 2.772
809 2.740 2.703 2.713 2.721
810 2.743 2.687 2.716 2.712
811 2.744 2.683 2.680 2.668
812 2.795 2.500 2.490 2.487
813 2.801 2.827 2.817 2.824
814 2.719 2.872 2.870 2.872
815 2.764 2.816 2.769 2.796
816 2.732 2.833 2.829 2.825
817 2.791 2.703 2.723 2.739
818 2.740 2.848 2.666 2.850
819 2.737 2.721 2.719 2.724
820 2.767 2.683 2.725 2.680
821 2.777 2.713 2.703 2.681
822 2.821 2.724 2.724 2.749
823 2.818 2.879 2.880 2.876
824 2.831 2.841 2.879 2.894
825 2.766 2.832 2.813 2.850
826 2.839 2.868 2.875 2.874
827 2.815 2.789 2.793 2.745
828 2.769 2.715 2.799 2.845
829 2.773 2.851 2.866 2.849
830 2.823 2.728 2.687 2.749
831 2.814 2.731 2.745 2.775
832 2.795 2.773 2.678 2.785
833 2.791 2.791 2.799 2.815
834 2.795 2.822 2.814 2.815
835 2.801 2.727 2.733 2.744
836 2.762 2.805 2.800 2.737
837 2.797 2.697 2.696 2.697
838 2.810 2.768 2.767 2.771
839 2.791 2.651 2.655 2.659
840 2.789 2.687 2.700 2.693
841 2.772 2.695 2.750 2.730
842 2.763 2.658 2.662 2.656
843 2.758 2.765 2.753 2.764
844 2.762 2.751 2.741 2.747
845 2.725 2.702 2.716 2.704
846 2.706 2.767 2.774 2.767
847 2.723 2.736 2.737 2.760
848 2.808 2.703 2.727 2.699
849 2.795 2.685 2.731 2.715
850 2.762 2.706 2.776 2.734
851 2.778 2.774 2.782 2.763
852 2.812 2.726 2.787 2.761
853 2.768 2.753 2.758 2.741
854 2.730 2.847 2.880 2.845
855 2.762 2.659 2.742 2.740
856 2.740 2.694 2.707 2.691
857 2.756 2.707 2.704 2.682
858 2.758 2.767 2.683 2.790
859 2.778 2.800 2.807 2.801
860 2.762 2.736 2.731 2.747
861 2.821 2.789 2.826 2.868
862 2.821 2.964 2.952 2.946
863 2.788 2.898 2.856 2.883
864 2.817 2.726 2.727 2.727
865 2.838 2.544 2.535 2.536
866 2.808 2.716 2.727 2.727
867 2.805 2.654 2.673 2.653
868 2.812 2.630 2.641 2.633
869 2.777 2.760 2.767 2.775
870 2.714 2.794 2.851 2.811
871 2.788 2.624 2.619 2.628
