data_index logTg.observed logTg.predicted.repeat1 logTg.predicted.repeat2 logTg.predicted.repeat3
1 2.708 2.484 2.485 2.476
2 2.852 2.486 2.487 2.486
3 2.818 2.501 2.504 2.503
4 2.718 2.481 2.488 2.486
5 2.755 2.491 2.482 2.486
6 2.769 2.389 2.380 2.382
7 2.742 2.566 2.566 2.563
8 2.727 2.495 2.496 2.497
9 2.785 2.495 2.484 2.496
10 2.822 2.545 2.552 2.553
11 2.842 2.501 2.501 2.502
12 2.745 2.516 2.511 2.509
13 2.750 2.447 2.453 2.445
14 2.751 2.543 2.548 2.542
15 2.779 2.565 2.568 2.560
16 2.756 2.543 2.543 2.554
17 2.767 2.484 2.479 2.486
18 2.846 2.597 2.592 2.593
19 2.746 2.509 2.500 2.509
20 2.810 2.506 2.510 2.506
21 2.726 2.507 2.506 2.502
22 2.672 2.474 2.473 2.474
23 2.681 2.567 2.564 2.564
24 2.810 2.507 2.507 2.508
25 2.763 2.507 2.506 2.503
26 2.752 2.514 2.515 2.511
27 2.792 2.492 2.493 2.492
28 2.790 2.495 2.486 2.496
29 2.783 2.505 2.505 2.506
30 2.778 2.505 2.498 2.504
31 2.799 2.541 2.539 2.536
32 2.909 2.499 2.497 2.501
33 2.887 2.595 2.597 2.593
34 2.777 2.552 2.544 2.551
35 2.696 2.472 2.460 2.465
36 2.733 2.471 2.471 2.469
37 2.785 2.551 2.560 2.553
38 2.808 2.490 2.493 2.493
39 2.687 2.487 2.478 2.486
40 2.759 2.484 2.482 2.487
41 2.721 2.483 2.482 2.483
42 2.732 2.481 2.472 2.482
43 2.819 2.555 2.554 2.556
44 2.688 2.547 2.544 2.555
45 2.590 2.564 2.572 2.567
46 2.290 2.496 2.498 2.494
47 2.651 2.620 2.606 2.617
48 2.558 2.496 2.497 2.495
49 2.513 2.590 2.625 2.590
50 2.368 2.487 2.487 2.479
51 2.549 2.476 2.475 2.473
52 2.700 2.486 2.490 2.489
53 2.636 2.513 2.517 2.513
54 2.436 2.576 2.583 2.575
55 2.272 2.541 2.538 2.540
56 2.467 2.553 2.544 2.555
57 2.500 2.502 2.505 2.503
58 2.512 2.480 2.481 2.479
59 2.520 2.479 2.479 2.484
60 2.516 2.399 2.392 2.412
61 2.238 2.389 2.407 2.418
62 2.322 2.470 2.470 2.467
63 2.697 2.593 2.591 2.589
64 2.559 2.501 2.503 2.494
65 2.325 2.446 2.448 2.448
66 2.414 2.479 2.470 2.481
67 2.400 2.479 2.476 2.481
68 2.308 2.483 2.477 2.481
69 2.308 2.464 2.465 2.469
70 2.314 2.475 2.474 2.475
71 2.500 2.546 2.548 2.560
72 2.511 2.564 2.554 2.557
73 2.388 2.491 2.488 2.487
74 2.587 2.572 2.565 2.573
75 2.316 2.474 2.474 2.473
76 2.362 2.478 2.481 2.483
77 2.554 2.548 2.536 2.544
78 2.583 2.522 2.522 2.523
79 2.541 2.564 2.550 2.560
80 2.350 2.478 2.483 2.474
81 2.277 2.470 2.473 2.473
82 2.463 2.557 2.554 2.552
83 2.290 2.471 2.471 2.469
84 2.573 2.566 2.563 2.568
85 2.699 2.573 2.574 2.575
86 2.543 2.486 2.484 2.485
87 2.497 2.468 2.467 2.461
88 2.555 2.506 2.503 2.497
89 2.576 2.534 2.534 2.530
90 2.618 2.528 2.532 2.525
91 2.348 2.473 2.466 2.462
92 2.589 2.460 2.465 2.456
93 2.170 2.469 2.474 2.466
94 2.420 2.481 2.484 2.482
95 2.367 2.462 2.466 2.457
96 2.400 2.495 2.484 2.494
97 2.405 2.482 2.476 2.476
98 2.344 2.482 2.481 2.483
99 2.314 2.466 2.470 2.461
100 2.288 2.491 2.489 2.489
101 2.316 2.479 2.478 2.480
102 2.274 2.484 2.475 2.483
103 2.288 2.466 2.469 2.466
104 2.316 2.489 2.490 2.492
105 2.295 2.454 2.459 2.450
106 2.592 2.511 2.509 2.508
107 2.480 2.489 2.487 2.486
108 2.340 2.487 2.486 2.486
109 2.452 2.490 2.479 2.486
110 2.415 2.475 2.478 2.478
111 2.479 2.485 2.487 2.487
112 2.400 2.485 2.489 2.487
113 2.514 2.505 2.498 2.502
114 2.367 2.476 2.464 2.475
115 2.403 2.491 2.491 2.489
116 2.338 2.450 2.456 2.446
117 2.435 2.492 2.484 2.487
118 2.483 2.481 2.471 2.477
119 2.170 2.469 2.471 2.470
120 2.338 2.463 2.466 2.466
121 2.428 2.486 2.486 2.491
122 2.467 2.497 2.487 2.495
123 2.489 2.495 2.499 2.498
124 2.510 2.497 2.496 2.495
125 2.510 2.486 2.484 2.484
126 2.578 2.496 2.497 2.493
127 2.540 2.502 2.502 2.499
128 2.430 2.484 2.484 2.484
129 2.554 2.472 2.471 2.461
130 2.290 2.490 2.492 2.493
131 2.467 2.502 2.500 2.503
132 2.576 2.490 2.488 2.487
133 2.555 2.496 2.498 2.491
134 2.483 2.490 2.480 2.485
135 2.562 2.499 2.499 2.497
136 2.578 2.480 2.469 2.475
137 2.308 2.489 2.490 2.490
138 2.579 2.482 2.481 2.478
139 2.621 2.496 2.486 2.493
140 2.272 2.544 2.546 2.549
141 2.588 2.488 2.486 2.485
142 2.542 2.467 2.463 2.464
143 2.352 2.482 2.485 2.479
144 2.514 2.562 2.554 2.563
145 2.538 2.615 2.624 2.622
146 2.537 2.561 2.560 2.563
147 2.612 2.553 2.549 2.549
148 2.572 2.552 2.554 2.555
149 2.354 2.479 2.478 2.478
150 2.695 2.569 2.569 2.568
151 2.559 2.557 2.559 2.558
152 2.408 2.469 2.474 2.463
153 2.593 2.541 2.541 2.543
154 2.643 2.534 2.535 2.541
155 2.548 2.544 2.548 2.541
156 2.693 2.544 2.538 2.542
157 2.522 2.510 2.498 2.512
158 2.635 2.550 2.552 2.555
159 2.626 2.569 2.571 2.569
160 2.535 2.477 2.482 2.483
161 2.572 2.468 2.461 2.466
162 2.348 2.491 2.493 2.492
163 2.348 2.493 2.494 2.494
164 2.290 2.470 2.471 2.470
165 2.560 2.476 2.475 2.474
166 2.449 2.484 2.488 2.484
167 2.542 2.468 2.472 2.471
168 2.593 2.546 2.545 2.548
169 2.590 2.547 2.547 2.543
170 2.579 2.539 2.542 2.545
171 2.320 2.475 2.473 2.474
172 2.408 2.468 2.474 2.463
173 2.612 2.555 2.557 2.551
174 2.279 2.472 2.470 2.473
175 2.308 2.464 2.455 2.467
176 2.316 2.471 2.475 2.479
177 2.318 2.468 2.466 2.467
178 2.328 2.473 2.475 2.472
179 2.497 2.477 2.476 2.473
180 2.502 2.508 2.510 2.511
181 2.504 2.485 2.482 2.482
182 2.518 2.492 2.491 2.485
183 2.520 2.474 2.476 2.470
184 2.413 2.492 2.489 2.490
185 2.446 2.541 2.546 2.544
186 2.522 2.553 2.554 2.554
187 2.572 2.555 2.541 2.555
188 2.573 2.556 2.553 2.553
189 2.367 2.476 2.476 2.470
190 2.340 2.487 2.486 2.485
191 2.367 2.461 2.453 2.457
192 2.578 2.492 2.495 2.488
193 2.562 2.499 2.492 2.500
194 2.338 2.467 2.459 2.466
195 2.290 2.480 2.481 2.482
196 2.310 2.477 2.475 2.476
197 2.403 2.478 2.473 2.475
198 2.342 2.474 2.472 2.475
199 2.403 2.502 2.504 2.506
200 2.498 2.464 2.456 2.469
201 2.504 2.498 2.491 2.498
202 2.509 2.486 2.490 2.490
203 2.423 2.494 2.496 2.489
204 2.431 2.486 2.480 2.484
205 2.467 2.496 2.493 2.496
206 2.477 2.473 2.458 2.470
207 2.522 2.483 2.485 2.482
208 2.542 2.477 2.467 2.475
209 2.578 2.482 2.485 2.486
210 2.433 2.496 2.498 2.497
211 2.653 2.487 2.485 2.486
212 2.518 2.487 2.484 2.494
213 2.594 2.511 2.508 2.502
214 2.610 2.695 2.691 2.721
215 2.592 2.433 2.480 2.439
216 2.571 2.486 2.425 2.463
217 2.643 3.499 3.558 3.592
218 2.582 2.497 2.503 2.510
219 2.589 2.495 2.479 2.491
220 2.580 2.484 2.481 2.484
221 2.555 2.348 2.366 2.347
222 2.560 2.451 2.402 2.471
223 2.583 3.583 3.552 3.478
224 2.587 3.383 3.418 3.481
225 2.560 2.413 2.460 2.445
226 2.535 2.546 2.553 2.548
227 2.542 2.758 2.695 2.692
228 2.561 4.207 4.219 4.327
229 2.549 2.541 2.521 2.515
230 2.548 2.885 2.861 2.862
231 2.595 2.644 2.626 2.647
232 2.605 4.353 4.255 4.486
233 2.514 2.325 2.265 2.313
234 2.528 2.339 2.353 2.308
235 2.538 2.309 2.345 2.314
236 2.626 2.612 2.604 2.603
237 2.648 3.066 2.977 3.001
238 2.607 2.858 2.893 2.877
239 2.601 2.492 2.480 2.487
240 2.558 2.528 2.545 2.541
241 2.529 2.276 2.260 2.307
242 2.493 2.380 2.371 2.396
243 2.504 2.347 2.379 2.361
244 2.597 2.465 2.448 2.464
245 2.561 2.424 2.388 2.435
246 2.569 2.601 2.590 2.608
247 2.548 2.407 2.436 2.440
248 2.548 2.337 2.387 2.382
249 2.594 2.391 2.355 2.362
250 2.650 2.512 2.520 2.527
251 2.661 3.365 3.358 3.416
252 2.598 2.461 2.524 2.496
253 2.669 2.961 2.896 2.910
254 2.607 2.833 2.888 2.867
255 2.650 2.453 2.418 2.410
256 2.599 2.630 2.610 2.616
257 2.659 2.925 2.893 2.929
258 2.656 2.851 2.952 2.830
259 2.660 2.910 2.894 2.903
260 2.619 2.911 2.917 2.880
261 2.580 5.376 5.108 5.390
262 2.566 2.367 2.387 2.342
263 2.498 2.412 2.363 2.402
264 2.516 2.435 2.411 2.402
265 2.505 2.374 2.348 2.377
266 2.498 2.425 2.427 2.396
267 2.516 2.370 2.360 2.357
268 2.553 2.382 2.351 2.391
269 2.543 2.726 2.731 2.739
270 2.548 2.687 2.697 2.688
271 2.559 2.660 2.662 2.667
272 2.578 3.161 3.144 3.159
273 2.582 3.194 3.175 3.208
274 2.583 3.147 3.145 3.169
275 2.595 3.121 3.189 3.163
276 2.670 2.842 2.865 2.845
277 2.618 2.657 2.664 2.652
278 2.600 4.126 4.000 4.130
279 2.613 2.550 2.561 2.564
280 2.594 2.494 2.496 2.490
281 2.623 2.530 2.522 2.530
282 2.567 2.518 2.516 2.517
283 2.344 2.498 2.503 2.502
284 2.358 2.486 2.485 2.486
285 2.371 2.476 2.467 2.479
286 2.378 2.489 2.487 2.487
287 2.382 2.483 2.471 2.484
288 2.396 2.497 2.499 2.499
289 2.635 2.556 2.562 2.563
290 2.627 2.552 2.556 2.549
291 2.498 2.565 2.566 2.559
292 2.677 2.547 2.550 2.551
293 2.636 2.500 2.500 2.499
294 2.636 2.548 2.541 2.550
295 2.435 2.475 2.472 2.479
296 2.444 2.486 2.480 2.487
297 2.444 2.532 2.535 2.535
298 2.453 2.508 2.501 2.506
299 2.456 2.517 2.522 2.513
300 2.467 2.506 2.504 2.502
301 2.470 2.549 2.553 2.551
302 2.486 2.513 2.510 2.512
303 2.491 2.450 2.460 2.452
304 2.495 2.477 2.467 2.477
305 2.498 2.460 2.465 2.458
306 2.500 2.467 2.464 2.465
307 2.505 2.554 2.553 2.551
308 2.510 2.471 2.470 2.470
309 2.510 2.476 2.475 2.475
310 2.628 2.471 2.454 2.464
311 2.518 2.478 2.480 2.479
312 2.518 2.563 2.565 2.565
313 2.525 2.480 2.480 2.483
314 2.535 2.559 2.552 2.559
315 2.543 2.503 2.503 2.505
316 2.544 2.557 2.556 2.557
317 2.555 2.554 2.555 2.558
318 2.555 2.561 2.554 2.561
319 2.556 2.560 2.553 2.559
320 2.556 2.549 2.550 2.553
321 2.560 2.558 2.559 2.558
322 2.568 2.550 2.538 2.549
323 2.573 2.531 2.518 2.527
324 2.575 2.546 2.546 2.548
325 2.576 2.540 2.533 2.538
326 2.576 2.536 2.534 2.531
327 2.578 2.540 2.540 2.543
328 2.560 2.546 2.545 2.541
329 2.578 2.497 2.504 2.505
330 2.584 2.546 2.545 2.544
331 2.584 2.538 2.529 2.540
332 2.586 2.547 2.550 2.549
333 2.587 2.562 2.564 2.566
334 2.588 2.541 2.533 2.539
335 2.594 2.537 2.527 2.534
336 2.594 2.488 2.489 2.486
337 2.595 2.554 2.549 2.560
338 2.597 2.534 2.535 2.532
339 2.600 2.552 2.549 2.548
340 2.603 2.538 2.538 2.536
341 2.604 2.561 2.556 2.557
342 2.608 2.540 2.539 2.536
343 2.614 2.588 2.583 2.585
344 2.612 2.549 2.548 2.547
345 2.616 2.558 2.554 2.555
346 2.618 2.529 2.518 2.525
347 2.619 2.549 2.546 2.544
348 2.620 2.545 2.545 2.547
349 2.621 2.539 2.533 2.539
350 2.621 2.493 2.495 2.493
351 2.312 2.481 2.480 2.492
352 2.337 2.447 2.450 2.459
353 2.358 2.471 2.465 2.471
354 2.367 2.486 2.482 2.480
355 2.386 2.463 2.464 2.470
356 2.406 2.498 2.504 2.507
357 2.415 2.504 2.517 2.511
358 2.495 2.474 2.472 2.479
359 2.504 2.440 2.430 2.455
360 2.474 2.539 2.545 2.541
361 2.516 2.545 2.542 2.540
362 2.358 2.478 2.473 2.479
363 2.573 2.552 2.553 2.555
364 2.518 2.496 2.498 2.497
365 2.548 2.537 2.539 2.535
366 2.560 2.545 2.547 2.550
367 2.560 2.543 2.544 2.544
368 2.572 2.536 2.535 2.532
369 2.591 2.473 2.467 2.480
370 2.603 2.620 2.627 2.614
371 2.634 2.615 2.619 2.615
372 2.589 2.613 2.624 2.616
373 2.605 2.616 2.617 2.617
374 2.610 2.616 2.616 2.615
375 2.613 2.604 2.600 2.606
376 2.623 2.617 2.618 2.619
377 2.598 2.607 2.607 2.613
378 2.622 2.644 2.643 2.644
379 2.624 2.593 2.587 2.592
380 2.625 2.623 2.622 2.617
381 2.643 2.598 2.601 2.599
382 2.647 2.590 2.588 2.585
383 2.652 2.604 2.605 2.608
384 2.652 2.622 2.616 2.615
385 2.669 2.491 2.497 2.498
386 2.675 2.577 2.573 2.578
387 2.683 2.549 2.545 2.545
388 2.683 2.591 2.599 2.582
389 2.699 2.628 2.609 2.603
390 2.703 2.599 2.604 2.598
391 2.709 2.601 2.601 2.583
392 2.716 2.590 2.592 2.587
393 2.716 2.573 2.572 2.571
394 2.733 2.558 2.558 2.591
395 2.737 2.695 2.711 2.685
396 2.758 2.523 2.525 2.538
397 2.763 2.580 2.585 2.561
398 2.766 2.558 2.560 2.564
399 2.773 2.527 2.524 2.521
400 2.783 2.588 2.590 2.593
401 2.789 2.606 2.612 2.611
402 2.791 2.538 2.588 2.577
403 2.818 2.478 2.458 2.458
404 2.825 2.602 2.595 2.582
405 2.828 2.477 2.465 2.450
406 2.510 2.561 2.562 2.558
407 2.342 2.494 2.496 2.495
408 2.380 2.498 2.491 2.497
409 2.528 2.573 2.574 2.568
410 2.537 2.572 2.574 2.579
411 2.550 2.594 2.596 2.601
412 2.556 2.547 2.545 2.549
413 2.599 2.570 2.569 2.565
414 2.605 2.559 2.556 2.554
415 2.614 2.581 2.576 2.587
416 2.736 2.589 2.585 2.583
417 2.623 2.549 2.546 2.543
418 2.572 2.591 2.586 2.586
419 2.693 2.605 2.630 2.592
420 2.299 2.481 2.484 2.482
421 2.612 2.555 2.556 2.551
422 2.279 2.474 2.468 2.470
423 2.403 2.487 2.487 2.493
424 2.283 2.486 2.487 2.490
425 2.274 2.481 2.475 2.481
426 2.292 2.488 2.487 2.484
427 2.295 2.491 2.479 2.492
428 2.314 2.477 2.481 2.480
429 2.324 2.489 2.478 2.488
430 2.328 2.493 2.492 2.487
431 2.328 2.470 2.463 2.471
432 2.579 2.557 2.547 2.551
433 2.449 2.484 2.486 2.484
434 2.400 2.488 2.488 2.489
435 2.403 2.533 2.537 2.540
436 2.498 2.500 2.505 2.503
437 2.340 2.484 2.486 2.485
438 2.578 2.495 2.485 2.487
439 2.510 2.495 2.496 2.493
440 2.514 2.503 2.506 2.504
441 2.563 2.487 2.485 2.492
442 2.562 2.495 2.501 2.492
443 2.580 2.506 2.503 2.507
444 2.594 2.558 2.558 2.558
445 2.538 2.573 2.574 2.568
446 2.403 2.476 2.471 2.475
447 2.334 2.467 2.468 2.469
448 2.334 2.480 2.478 2.478
449 2.360 2.489 2.490 2.480
450 2.502 2.512 2.510 2.509
451 2.518 2.555 2.558 2.558
452 2.428 2.486 2.489 2.485
453 2.467 2.497 2.487 2.495
454 2.467 2.500 2.502 2.501
455 2.483 2.486 2.483 2.489
456 2.486 2.499 2.499 2.496
457 2.431 2.497 2.499 2.501
458 2.594 2.508 2.511 2.507
459 2.469 2.510 2.500 2.509
460 2.427 2.503 2.503 2.499
461 2.412 2.495 2.498 2.495
462 2.384 2.443 2.434 2.452
463 2.347 2.418 2.417 2.399
464 2.339 2.356 2.380 2.353
465 2.436 2.517 2.517 2.516
466 2.470 2.524 2.520 2.515
467 2.427 2.516 2.507 2.514
468 2.364 2.522 2.518 2.520
469 2.339 2.531 2.527 2.535
470 2.452 2.488 2.477 2.486
471 2.329 2.479 2.478 2.482
472 2.501 2.504 2.494 2.504
473 2.373 2.500 2.501 2.498
474 2.482 2.483 2.476 2.481
475 2.321 2.494 2.498 2.496
476 2.314 2.490 2.492 2.495
477 2.312 2.484 2.486 2.484
478 2.321 2.412 2.392 2.413
479 2.318 2.378 2.340 2.390
480 2.459 2.409 2.425 2.409
481 2.461 2.522 2.524 2.521
482 2.594 2.520 2.517 2.521
483 2.371 2.493 2.491 2.488
484 2.456 2.496 2.501 2.494
485 2.636 2.517 2.512 2.508
486 2.591 2.506 2.505 2.504
487 2.603 2.507 2.509 2.511
488 2.522 2.505 2.500 2.504
489 2.447 2.460 2.454 2.458
490 2.495 2.495 2.498 2.495
491 2.537 2.509 2.511 2.510
492 2.512 2.500 2.502 2.501
493 2.530 2.506 2.506 2.504
494 2.605 2.504 2.503 2.498
495 2.580 2.505 2.504 2.500
496 2.656 2.540 2.540 2.545
497 2.209 2.421 2.422 2.431
498 2.581 2.505 2.503 2.500
499 2.675 2.554 2.553 2.555
500 2.644 2.555 2.554 2.556
501 2.656 2.557 2.555 2.559
502 2.446 2.556 2.560 2.558
503 2.583 2.598 2.597 2.595
504 2.398 2.496 2.490 2.496
505 2.538 2.566 2.566 2.562
506 2.537 2.570 2.568 2.572
507 2.513 2.556 2.558 2.555
508 2.520 2.562 2.557 2.558
509 2.510 2.509 2.506 2.509
510 2.442 2.491 2.494 2.493
511 2.554 2.498 2.493 2.499
512 2.560 2.566 2.575 2.571
513 2.530 2.508 2.505 2.508
514 2.412 2.505 2.506 2.508
515 2.431 2.448 2.449 2.452
516 2.481 2.564 2.563 2.565
517 2.473 2.572 2.563 2.564
518 2.338 2.494 2.486 2.495
519 2.459 2.481 2.484 2.477
520 2.386 2.491 2.488 2.484
521 2.338 2.486 2.486 2.490
522 2.452 2.486 2.485 2.486
523 2.489 2.405 2.420 2.427
524 2.332 2.504 2.508 2.504
525 2.337 2.500 2.494 2.500
526 2.493 2.572 2.568 2.570
527 2.531 2.581 2.573 2.576
528 2.510 2.579 2.566 2.574
529 2.297 2.490 2.493 2.494
530 2.382 2.502 2.503 2.494
531 2.371 2.496 2.498 2.500
532 2.554 2.572 2.558 2.570
533 2.350 2.495 2.490 2.492
534 2.373 2.493 2.489 2.485
535 2.377 2.491 2.490 2.492
536 2.393 2.489 2.473 2.484
537 2.426 2.485 2.487 2.486
538 2.431 2.555 2.553 2.555
539 2.373 2.489 2.490 2.486
540 2.473 2.426 2.419 2.438
541 2.400 2.484 2.480 2.489
542 2.328 2.494 2.498 2.489
543 2.308 2.495 2.494 2.494
544 2.305 2.499 2.497 2.500
545 2.474 2.555 2.559 2.560
546 2.512 2.561 2.560 2.559
547 2.312 2.491 2.493 2.490
548 2.369 2.495 2.490 2.491
549 2.348 2.501 2.503 2.500
550 2.456 2.571 2.571 2.574
551 2.522 2.548 2.539 2.545
552 2.367 2.486 2.479 2.489
553 2.398 2.500 2.491 2.494
554 2.505 2.553 2.554 2.549
555 2.491 2.579 2.570 2.574
556 2.348 2.501 2.498 2.500
557 2.358 2.493 2.481 2.492
558 2.400 2.494 2.489 2.483
559 2.504 2.566 2.567 2.568
560 2.332 2.462 2.454 2.459
561 2.334 2.482 2.484 2.484
562 2.367 2.496 2.498 2.492
563 2.295 2.500 2.498 2.498
564 2.318 2.494 2.498 2.494
565 2.500 2.568 2.562 2.559
566 2.330 2.496 2.498 2.493
567 2.590 2.495 2.498 2.500
568 2.569 2.592 2.600 2.594
569 2.530 2.549 2.549 2.552
570 2.543 2.558 2.558 2.556
571 2.540 2.557 2.551 2.556
572 2.574 2.569 2.574 2.571
573 2.565 2.568 2.562 2.564
574 2.540 2.551 2.549 2.549
575 2.555 2.558 2.555 2.554
576 2.530 2.546 2.547 2.548
577 2.502 2.534 2.533 2.533
578 2.530 2.541 2.547 2.539
579 2.504 2.560 2.560 2.558
580 2.560 2.567 2.563 2.568
581 2.533 2.555 2.550 2.553
582 2.545 2.550 2.550 2.550
583 2.566 2.565 2.564 2.566
584 2.558 2.554 2.553 2.554
585 2.509 2.529 2.525 2.534
586 2.545 2.591 2.589 2.592
587 2.562 2.560 2.560 2.560
588 2.571 2.593 2.599 2.598
589 2.535 2.551 2.550 2.548
590 2.575 2.612 2.613 2.608
591 2.561 2.544 2.546 2.544
592 2.572 2.615 2.606 2.612
593 2.631 2.580 2.569 2.578
594 2.579 2.586 2.584 2.581
595 2.569 2.579 2.572 2.575
596 2.549 2.504 2.499 2.499
597 2.540 2.499 2.504 2.500
598 2.522 2.506 2.503 2.506
599 2.517 2.562 2.562 2.559
600 2.512 2.496 2.496 2.498
601 2.473 2.504 2.501 2.496
602 2.452 2.492 2.491 2.487
603 2.367 2.433 2.424 2.429
604 2.308 2.464 2.468 2.463
605 2.553 2.499 2.494 2.501
606 2.554 2.528 2.518 2.525
607 2.627 2.495 2.500 2.494
608 2.642 2.508 2.511 2.509
609 2.642 2.539 2.543 2.543
610 2.646 2.591 2.585 2.592
611 2.646 2.527 2.512 2.517
612 2.648 2.540 2.539 2.540
613 2.656 2.555 2.553 2.551
614 2.659 2.552 2.551 2.554
615 2.659 2.631 2.627 2.622
616 2.660 2.583 2.572 2.576
617 2.694 2.568 2.564 2.568
618 2.517 2.497 2.501 2.501
619 2.476 2.567 2.566 2.568
620 2.533 2.504 2.507 2.501
621 2.600 2.560 2.556 2.557
622 2.643 2.561 2.555 2.559
623 2.545 2.500 2.496 2.499
624 2.542 2.500 2.500 2.495
625 2.438 2.515 2.518 2.518
626 2.318 2.482 2.478 2.485
627 2.590 2.561 2.566 2.560
628 2.538 2.590 2.588 2.584
629 2.508 2.533 2.535 2.538
630 2.514 2.548 2.544 2.547
631 2.495 2.559 2.556 2.558
632 2.556 2.549 2.552 2.554
633 2.636 2.550 2.549 2.546
634 2.616 2.555 2.559 2.554
635 2.636 2.554 2.558 2.557
636 2.665 2.562 2.566 2.563
637 2.599 2.602 2.592 2.594
638 2.588 2.561 2.555 2.561
639 2.568 2.547 2.546 2.543
640 2.662 2.559 2.558 2.562
641 2.612 2.536 2.539 2.537
642 2.493 2.568 2.569 2.567
643 2.403 2.505 2.501 2.503
644 2.470 2.505 2.495 2.504
645 2.631 2.567 2.567 2.572
646 2.513 2.481 2.475 2.479
647 2.505 2.540 2.531 2.543
648 2.548 2.546 2.551 2.547
649 2.555 2.546 2.546 2.545
650 2.531 2.542 2.543 2.543
651 2.653 2.556 2.547 2.552
652 2.600 2.571 2.573 2.572
653 2.572 2.577 2.578 2.572
654 2.600 2.550 2.550 2.548
655 2.559 2.552 2.552 2.554
656 2.505 2.535 2.537 2.540
657 2.526 2.575 2.568 2.569
658 2.574 2.563 2.557 2.560
659 2.639 2.559 2.561 2.556
660 2.644 2.558 2.553 2.556
661 2.605 2.555 2.551 2.556
662 2.642 2.563 2.556 2.561
663 2.412 2.494 2.490 2.493
664 2.447 2.500 2.503 2.504
665 2.600 2.516 2.518 2.519
666 2.438 2.519 2.518 2.517
667 2.603 2.571 2.568 2.570
668 2.520 2.462 2.459 2.471
669 2.517 2.456 2.456 2.446
670 2.114 2.486 2.486 2.485
671 2.233 2.481 2.484 2.476
672 2.238 2.476 2.480 2.479
673 2.272 2.551 2.537 2.552
674 2.299 2.474 2.476 2.477
675 2.299 2.481 2.484 2.482
676 2.308 2.483 2.487 2.488
677 2.348 2.476 2.466 2.478
678 2.348 2.479 2.479 2.479
679 2.406 2.515 2.512 2.507
680 2.518 2.491 2.492 2.491
681 2.525 2.481 2.481 2.479
682 2.537 2.490 2.489 2.486
683 2.538 2.489 2.493 2.491
684 2.540 2.499 2.504 2.502
685 2.560 2.500 2.503 2.501
686 2.560 2.508 2.507 2.510
687 2.560 2.555 2.555 2.559
688 2.563 2.493 2.494 2.493
689 2.566 2.564 2.562 2.559
690 2.584 2.564 2.561 2.561
691 2.588 2.487 2.488 2.488
692 2.589 2.531 2.527 2.537
693 2.589 2.612 2.615 2.617
694 2.591 2.538 2.526 2.542
695 2.593 2.594 2.589 2.592
696 2.594 2.489 2.489 2.481
697 2.595 2.561 2.557 2.558
698 2.614 2.595 2.596 2.597
699 2.618 2.595 2.597 2.601
700 2.622 2.608 2.605 2.606
701 2.622 2.604 2.608 2.604
702 2.628 2.468 2.466 2.460
703 2.634 2.629 2.628 2.622
704 2.635 2.558 2.558 2.557
705 2.636 2.501 2.500 2.501
706 2.660 2.618 2.613 2.614
707 2.662 2.598 2.596 2.600
708 2.675 2.585 2.582 2.582
709 2.677 2.548 2.548 2.551
710 2.679 2.632 2.628 2.635
711 2.686 2.621 2.633 2.627
712 2.694 2.617 2.622 2.621
713 2.702 2.583 2.581 2.583
714 2.710 2.579 2.574 2.582
715 2.719 2.580 2.587 2.576
716 2.732 2.559 2.588 2.581
717 2.735 2.518 2.518 2.511
718 2.740 2.588 2.586 2.581
719 2.762 2.742 2.742 2.726
720 2.764 2.577 2.568 2.554
721 2.777 2.658 2.628 2.632
722 2.778 2.572 2.563 2.569
723 2.791 2.922 2.921 2.951
724 2.795 2.660 2.716 2.703
725 2.797 2.670 2.684 2.681
726 2.616 2.570 2.565 2.568
727 2.491 2.549 2.549 2.544
728 2.526 2.594 2.592 2.595
729 2.581 2.554 2.552 2.552
730 2.639 2.542 2.539 2.542
731 2.594 2.558 2.559 2.556
732 2.318 2.497 2.501 2.504
733 2.666 2.567 2.557 2.563
734 2.534 2.565 2.564 2.563
735 2.344 2.480 2.465 2.481
736 2.592 2.556 2.558 2.557
737 2.398 2.535 2.533 2.540
738 2.444 2.423 2.440 2.417
739 2.467 2.550 2.552 2.548
740 2.610 2.563 2.560 2.562
741 2.584 2.564 2.563 2.566
742 2.375 2.457 2.445 2.445
743 2.514 2.554 2.556 2.552
744 2.602 2.561 2.558 2.559
745 2.622 2.559 2.560 2.562
746 2.605 2.559 2.557 2.560
747 2.484 2.370 2.369 2.423
748 2.342 2.506 2.497 2.503
749 2.484 2.411 2.399 2.391
750 2.364 2.517 2.516 2.521
751 2.358 2.515 2.518 2.519
752 2.562 2.543 2.541 2.542
753 2.505 2.535 2.536 2.533
754 2.656 2.524 2.514 2.517
755 2.459 2.514 2.512 2.513
756 2.504 2.511 2.510 2.509
757 2.614 2.632 2.633 2.625
758 2.618 2.641 2.634 2.631
759 2.622 2.617 2.630 2.622
760 2.627 2.634 2.639 2.634
761 2.642 2.616 2.608 2.609
762 2.645 2.621 2.631 2.633
763 2.647 2.612 2.607 2.620
764 2.652 2.619 2.622 2.622
765 2.654 2.613 2.622 2.611
766 2.656 2.650 2.647 2.652
767 2.656 2.693 2.685 2.685
768 2.662 2.641 2.635 2.635
769 2.664 2.654 2.658 2.660
770 2.666 2.641 2.645 2.642
771 2.670 2.629 2.628 2.632
772 2.670 2.633 2.632 2.632
773 2.672 2.579 2.568 2.573
774 2.675 2.616 2.608 2.611
775 2.675 2.603 2.611 2.622
776 2.680 2.607 2.595 2.607
777 2.680 2.662 2.658 2.660
778 2.684 2.659 2.663 2.662
779 2.684 2.625 2.636 2.638
780 2.689 2.633 2.627 2.635
781 2.689 2.626 2.628 2.627
782 2.693 2.652 2.652 2.657
783 2.693 2.638 2.636 2.625
784 2.694 2.609 2.606 2.611
785 2.694 2.632 2.625 2.632
786 2.695 2.618 2.618 2.614
787 2.697 2.623 2.622 2.623
788 2.697 2.643 2.647 2.647
789 2.699 2.573 2.597 2.598
790 2.699 2.620 2.631 2.627
791 2.700 2.602 2.598 2.598
792 2.700 2.631 2.626 2.626
793 2.702 2.599 2.624 2.602
794 2.705 2.609 2.612 2.607
795 2.706 2.568 2.573 2.594
796 2.708 2.610 2.607 2.611
797 2.708 2.602 2.606 2.600
798 2.710 2.607 2.608 2.606
799 2.710 2.552 2.588 2.569
800 2.715 2.678 2.682 2.684
801 2.719 2.622 2.624 2.620
802 2.719 2.629 2.628 2.627
803 2.719 2.619 2.624 2.608
804 2.728 2.604 2.601 2.601
805 2.731 2.630 2.629 2.629
806 2.731 2.618 2.624 2.624
807 2.731 2.645 2.622 2.607
808 2.735 2.714 2.707 2.715
809 2.740 2.637 2.646 2.641
810 2.743 2.573 2.592 2.609
811 2.744 2.552 2.586 2.563
812 2.795 2.552 2.554 2.548
813 2.801 2.750 2.744 2.735
814 2.719 2.661 2.660 2.654
815 2.764 2.522 2.524 2.550
816 2.732 2.560 2.570 2.589
817 2.791 2.903 2.952 2.912
818 2.740 2.631 2.634 2.616
819 2.737 2.679 2.703 2.687
820 2.767 2.696 2.718 2.694
821 2.777 2.819 2.800 2.804
822 2.821 2.916 2.932 2.936
823 2.818 3.829 4.027 3.902
824 2.831 3.878 3.793 3.877
825 2.766 2.937 2.947 2.936
826 2.839 2.964 2.936 2.963
827 2.815 2.911 2.921 2.898
828 2.769 2.842 2.858 2.833
829 2.773 2.954 2.982 2.954
830 2.823 2.562 2.562 2.540
831 2.814 2.601 2.572 2.589
832 2.795 2.510 2.565 2.546
833 2.791 2.682 2.666 2.680
834 2.795 2.888 2.931 2.892
835 2.801 2.900 2.891 2.895
836 2.762 2.606 2.576 2.585
837 2.797 2.682 2.667 2.674
838 2.810 2.650 2.632 2.647
839 2.791 2.575 2.558 2.568
840 2.789 2.659 2.660 2.654
841 2.772 2.642 2.654 2.651
842 2.763 2.660 2.658 2.672
843 2.758 2.653 2.677 2.647
844 2.762 2.670 2.660 2.671
845 2.725 2.673 2.667 2.665
846 2.706 2.679 2.686 2.679
847 2.723 2.960 2.944 2.978
848 2.808 2.697 2.696 2.687
849 2.795 2.617 2.596 2.616
850 2.762 2.663 2.648 2.669
851 2.778 2.707 2.712 2.716
852 2.812 2.662 2.650 2.643
853 2.768 2.671 2.654 2.678
854 2.730 2.781 2.803 2.776
855 2.762 2.571 2.615 2.573
856 2.740 2.647 2.613 2.610
857 2.756 2.617 2.620 2.612
858 2.758 2.573 2.580 2.542
859 2.778 2.606 2.592 2.587
860 2.762 2.941 2.988 2.935
861 2.821 3.735 3.703 3.808
862 2.821 3.948 3.822 3.893
863 2.788 2.962 2.987 2.963
864 2.817 2.508 2.547 2.538
865 2.838 2.589 2.595 2.590
866 2.808 2.652 2.650 2.678
867 2.805 2.631 2.620 2.606
868 2.812 2.648 2.647 2.644
869 2.777 2.593 2.621 2.591
870 2.714 2.783 2.770 2.767
871 2.788 2.603 2.592 2.597
