data_index logTg.observed logTg.predicted.repeat1 logTg.predicted.repeat2 logTg.predicted.repeat3
1 2.708 2.555 2.557 2.559
2 2.852 2.561 2.557 2.553
3 2.818 2.556 2.556 2.552
4 2.718 2.555 2.556 2.558
5 2.755 2.556 2.557 2.558
6 2.769 2.555 2.555 2.555
7 2.742 2.560 2.557 2.556
8 2.727 2.556 2.567 2.562
9 2.785 2.561 2.557 2.553
10 2.822 2.556 2.557 2.563
11 2.842 2.560 2.557 2.558
12 2.745 2.556 2.567 2.552
13 2.750 2.555 2.556 2.558
14 2.751 2.561 2.557 2.564
15 2.779 2.561 2.557 2.553
16 2.756 2.560 2.557 2.564
17 2.767 2.556 2.568 2.565
18 2.846 2.556 2.558 2.557
19 2.746 2.561 2.557 2.552
20 2.810 2.556 2.557 2.557
21 2.726 2.555 2.567 2.556
22 2.672 2.557 2.557 2.557
23 2.681 2.556 2.569 2.553
24 2.810 2.561 2.557 2.557
25 2.763 2.555 2.556 2.556
26 2.752 2.556 2.557 2.563
27 2.792 2.561 2.568 2.562
28 2.790 2.560 2.557 2.558
29 2.783 2.556 2.557 2.564
30 2.778 2.561 2.557 2.556
31 2.799 2.561 2.558 2.565
32 2.909 2.557 2.558 2.559
33 2.887 2.557 2.558 2.558
34 2.777 2.556 2.557 2.559
35 2.696 2.561 2.557 2.563
36 2.733 2.561 2.568 2.563
37 2.785 2.561 2.557 2.565
38 2.808 2.557 2.568 2.563
39 2.687 2.561 2.557 2.553
40 2.759 2.561 2.557 2.563
41 2.721 2.556 2.557 2.559
42 2.732 2.560 2.557 2.553
43 2.819 2.557 2.557 2.557
44 2.688 2.561 2.557 2.559
45 2.590 2.556 2.557 2.563
46 2.290 2.561 2.557 2.553
47 2.651 2.562 2.558 2.564
48 2.558 2.561 2.568 2.557
49 2.513 2.557 2.557 2.553
50 2.368 2.560 2.557 2.557
51 2.549 2.555 2.568 2.562
52 2.700 2.556 2.568 2.553
53 2.636 2.561 2.557 2.564
54 2.436 2.557 2.568 2.557
55 2.272 2.557 2.557 2.557
56 2.467 2.561 2.557 2.565
57 2.500 2.561 2.568 2.563
58 2.512 2.561 2.557 2.565
59 2.520 2.557 2.568 2.565
60 2.516 2.561 2.557 2.564
61 2.238 2.560 2.556 2.551
62 2.322 2.555 2.557 2.562
63 2.697 2.561 2.557 2.557
64 2.559 2.560 2.557 2.557
65 2.325 2.555 2.556 2.564
66 2.414 2.561 2.568 2.565
67 2.400 2.561 2.568 2.565
68 2.308 2.561 2.557 2.563
69 2.308 2.556 2.568 2.553
70 2.314 2.561 2.557 2.559
71 2.500 2.560 2.557 2.557
72 2.511 2.560 2.568 2.553
73 2.388 2.556 2.557 2.565
74 2.587 2.556 2.568 2.559
75 2.316 2.561 2.557 2.563
76 2.362 2.555 2.557 2.565
77 2.554 2.556 2.568 2.553
78 2.583 2.560 2.557 2.562
79 2.541 2.561 2.557 2.553
80 2.350 2.561 2.568 2.556
81 2.277 2.557 2.568 2.559
82 2.463 2.561 2.568 2.559
83 2.290 2.561 2.557 2.559
84 2.573 2.556 2.557 2.553
85 2.699 2.556 2.557 2.559
86 2.543 2.560 2.556 2.552
87 2.497 2.561 2.557 2.565
88 2.555 2.556 2.557 2.553
89 2.576 2.561 2.557 2.557
90 2.618 2.561 2.557 2.565
91 2.348 2.561 2.568 2.563
92 2.589 2.557 2.558 2.559
93 2.170 2.556 2.557 2.563
94 2.420 2.555 2.556 2.556
95 2.367 2.561 2.557 2.557
96 2.400 2.561 2.557 2.556
97 2.405 2.561 2.557 2.565
98 2.344 2.561 2.556 2.562
99 2.314 2.561 2.568 2.559
100 2.288 2.555 2.568 2.564
101 2.316 2.556 2.556 2.562
102 2.274 2.555 2.556 2.558
103 2.288 2.556 2.556 2.558
104 2.316 2.561 2.557 2.556
105 2.295 2.555 2.567 2.556
106 2.592 2.556 2.557 2.559
107 2.480 2.560 2.557 2.557
108 2.340 2.555 2.556 2.564
109 2.452 2.556 2.556 2.556
110 2.415 2.561 2.557 2.553
111 2.479 2.556 2.557 2.552
112 2.400 2.560 2.556 2.552
113 2.514 2.556 2.568 2.562
114 2.367 2.556 2.568 2.563
115 2.403 2.561 2.557 2.563
116 2.338 2.554 2.556 2.558
117 2.435 2.560 2.557 2.565
118 2.483 2.556 2.568 2.559
119 2.170 2.561 2.557 2.553
120 2.338 2.557 2.568 2.557
121 2.428 2.560 2.567 2.558
122 2.467 2.560 2.567 2.562
123 2.489 2.555 2.557 2.552
124 2.510 2.561 2.557 2.556
125 2.510 2.561 2.557 2.563
126 2.578 2.561 2.557 2.557
127 2.540 2.560 2.557 2.557
128 2.430 2.561 2.557 2.553
129 2.554 2.556 2.557 2.557
130 2.290 2.556 2.568 2.563
131 2.467 2.561 2.557 2.559
132 2.576 2.561 2.557 2.562
133 2.555 2.561 2.557 2.552
134 2.483 2.555 2.557 2.559
135 2.562 2.561 2.556 2.556
136 2.578 2.561 2.557 2.557
137 2.308 2.560 2.557 2.559
138 2.579 2.560 2.557 2.556
139 2.621 2.557 2.557 2.557
140 2.272 2.556 2.558 2.553
141 2.588 2.560 2.557 2.553
142 2.542 2.556 2.568 2.563
143 2.352 2.561 2.557 2.553
144 2.514 2.556 2.557 2.559
145 2.538 2.561 2.568 2.563
146 2.537 2.561 2.557 2.563
147 2.612 2.561 2.558 2.559
148 2.572 2.561 2.557 2.565
149 2.354 2.561 2.568 2.557
150 2.695 2.557 2.558 2.563
151 2.559 2.562 2.569 2.559
152 2.408 2.556 2.557 2.559
153 2.593 2.561 2.558 2.563
154 2.643 2.557 2.557 2.557
155 2.548 2.561 2.557 2.557
156 2.693 2.562 2.569 2.563
157 2.522 2.561 2.557 2.556
158 2.635 2.557 2.558 2.559
159 2.626 2.562 2.558 2.557
160 2.535 2.556 2.557 2.553
161 2.572 2.556 2.557 2.557
162 2.348 2.555 2.567 2.558
163 2.348 2.559 2.556 2.556
164 2.290 2.560 2.568 2.553
165 2.560 2.556 2.557 2.553
166 2.449 2.561 2.556 2.556
167 2.542 2.561 2.557 2.553
168 2.593 2.560 2.557 2.553
169 2.590 2.561 2.557 2.562
170 2.579 2.560 2.557 2.559
171 2.320 2.560 2.556 2.558
172 2.408 2.556 2.557 2.559
173 2.612 2.557 2.557 2.565
174 2.279 2.561 2.557 2.553
175 2.308 2.556 2.557 2.562
176 2.316 2.560 2.556 2.558
177 2.318 2.555 2.555 2.557
178 2.328 2.554 2.555 2.551
179 2.497 2.560 2.557 2.562
180 2.502 2.560 2.557 2.552
181 2.504 2.555 2.557 2.565
182 2.518 2.561 2.557 2.552
183 2.520 2.561 2.557 2.562
184 2.413 2.556 2.568 2.562
185 2.446 2.560 2.557 2.558
186 2.522 2.556 2.557 2.557
187 2.572 2.556 2.568 2.553
188 2.573 2.556 2.557 2.565
189 2.367 2.561 2.557 2.559
190 2.340 2.560 2.567 2.558
191 2.367 2.561 2.557 2.557
192 2.578 2.561 2.557 2.565
193 2.562 2.560 2.557 2.565
194 2.338 2.561 2.568 2.563
195 2.290 2.561 2.558 2.559
196 2.310 2.560 2.568 2.565
197 2.403 2.559 2.556 2.563
198 2.342 2.555 2.557 2.559
199 2.403 2.561 2.557 2.556
200 2.498 2.556 2.557 2.557
201 2.504 2.561 2.568 2.557
202 2.509 2.560 2.557 2.553
203 2.423 2.557 2.558 2.565
204 2.431 2.560 2.568 2.562
205 2.467 2.556 2.556 2.556
206 2.477 2.556 2.557 2.557
207 2.522 2.561 2.568 2.565
208 2.542 2.561 2.568 2.562
209 2.578 2.561 2.557 2.559
210 2.433 2.560 2.556 2.558
211 2.653 2.556 2.568 2.559
212 2.518 2.555 2.557 2.552
213 2.594 2.561 2.557 2.558
214 2.610 2.558 2.569 2.554
215 2.592 2.557 2.569 2.554
216 2.571 2.558 2.559 2.554
217 2.643 2.562 2.569 2.564
218 2.582 2.562 2.558 2.558
219 2.589 2.562 2.558 2.560
220 2.580 2.562 2.558 2.560
221 2.555 2.562 2.558 2.560
222 2.560 2.557 2.558 2.560
223 2.583 2.562 2.569 2.560
224 2.587 2.557 2.558 2.558
225 2.560 2.562 2.558 2.554
226 2.535 2.558 2.558 2.566
227 2.542 2.558 2.559 2.566
228 2.561 2.563 2.559 2.564
229 2.549 2.558 2.558 2.564
230 2.548 2.563 2.559 2.558
231 2.595 2.557 2.559 2.560
232 2.605 2.558 2.559 2.564
233 2.514 2.557 2.558 2.563
234 2.528 2.557 2.558 2.566
235 2.538 2.557 2.558 2.554
236 2.626 2.557 2.569 2.560
237 2.648 2.563 2.559 2.555
238 2.607 2.558 2.570 2.555
239 2.601 2.562 2.558 2.554
240 2.558 2.562 2.570 2.558
241 2.529 2.557 2.558 2.566
242 2.493 2.562 2.558 2.563
243 2.504 2.557 2.569 2.566
244 2.597 2.561 2.558 2.560
245 2.561 2.557 2.558 2.558
246 2.569 2.562 2.569 2.566
247 2.548 2.556 2.558 2.563
248 2.548 2.557 2.557 2.565
249 2.594 2.557 2.558 2.560
250 2.650 2.562 2.559 2.560
251 2.661 2.562 2.569 2.564
252 2.598 2.562 2.559 2.558
253 2.669 2.562 2.559 2.559
254 2.607 2.563 2.559 2.558
255 2.650 2.562 2.559 2.564
256 2.599 2.562 2.559 2.554
257 2.659 2.562 2.560 2.567
258 2.656 2.563 2.559 2.555
259 2.660 2.562 2.559 2.566
260 2.619 2.562 2.559 2.564
261 2.580 2.563 2.559 2.558
262 2.566 2.562 2.558 2.566
263 2.498 2.558 2.558 2.564
264 2.516 2.557 2.569 2.566
265 2.505 2.557 2.569 2.560
266 2.498 2.558 2.558 2.558
267 2.516 2.557 2.558 2.554
268 2.553 2.557 2.558 2.554
269 2.543 2.558 2.558 2.560
270 2.548 2.557 2.558 2.566
271 2.559 2.562 2.569 2.564
272 2.578 2.557 2.559 2.564
273 2.582 2.563 2.558 2.566
274 2.583 2.562 2.559 2.560
275 2.595 2.562 2.569 2.566
276 2.670 2.563 2.570 2.564
277 2.618 2.563 2.559 2.554
278 2.600 2.563 2.558 2.566
279 2.613 2.561 2.558 2.558
280 2.594 2.560 2.557 2.558
281 2.623 2.561 2.556 2.564
282 2.567 2.555 2.557 2.552
283 2.344 2.555 2.557 2.553
284 2.358 2.560 2.567 2.562
285 2.371 2.560 2.567 2.562
286 2.378 2.560 2.557 2.553
287 2.382 2.560 2.557 2.556
288 2.396 2.560 2.556 2.556
289 2.635 2.561 2.557 2.559
290 2.627 2.557 2.557 2.563
291 2.498 2.562 2.569 2.559
292 2.677 2.557 2.558 2.563
293 2.636 2.556 2.557 2.563
294 2.636 2.560 2.557 2.559
295 2.435 2.557 2.557 2.559
296 2.444 2.561 2.568 2.558
297 2.444 2.560 2.556 2.552
298 2.453 2.555 2.556 2.562
299 2.456 2.560 2.568 2.559
300 2.467 2.556 2.568 2.562
301 2.470 2.555 2.557 2.552
302 2.486 2.561 2.557 2.552
303 2.491 2.560 2.557 2.559
304 2.495 2.560 2.557 2.559
305 2.498 2.561 2.557 2.553
306 2.500 2.561 2.557 2.565
307 2.505 2.561 2.557 2.562
308 2.510 2.557 2.557 2.559
309 2.510 2.561 2.557 2.553
310 2.628 2.561 2.557 2.553
311 2.518 2.561 2.568 2.553
312 2.518 2.561 2.557 2.565
313 2.525 2.561 2.558 2.553
314 2.535 2.560 2.557 2.563
315 2.543 2.555 2.557 2.564
316 2.544 2.556 2.557 2.553
317 2.555 2.556 2.557 2.553
318 2.555 2.561 2.568 2.565
319 2.556 2.556 2.557 2.562
320 2.556 2.561 2.558 2.557
321 2.560 2.561 2.558 2.565
322 2.568 2.560 2.557 2.563
323 2.573 2.556 2.557 2.559
324 2.575 2.557 2.557 2.553
325 2.576 2.560 2.557 2.559
326 2.576 2.560 2.557 2.563
327 2.578 2.556 2.557 2.565
328 2.560 2.556 2.557 2.562
329 2.578 2.560 2.557 2.559
330 2.584 2.561 2.557 2.565
331 2.584 2.560 2.557 2.557
332 2.586 2.556 2.557 2.553
333 2.587 2.561 2.557 2.557
334 2.588 2.560 2.557 2.557
335 2.594 2.556 2.557 2.563
336 2.594 2.560 2.557 2.559
337 2.595 2.562 2.557 2.565
338 2.597 2.556 2.557 2.559
339 2.600 2.556 2.557 2.562
340 2.603 2.560 2.557 2.557
341 2.604 2.561 2.557 2.553
342 2.608 2.561 2.557 2.559
343 2.614 2.556 2.557 2.553
344 2.612 2.560 2.558 2.559
345 2.616 2.561 2.568 2.559
346 2.618 2.561 2.557 2.559
347 2.619 2.556 2.557 2.559
348 2.620 2.561 2.568 2.565
349 2.621 2.560 2.557 2.565
350 2.621 2.557 2.568 2.557
351 2.312 2.555 2.556 2.564
352 2.337 2.555 2.567 2.551
353 2.358 2.560 2.557 2.564
354 2.367 2.560 2.557 2.558
355 2.386 2.561 2.557 2.562
356 2.406 2.561 2.568 2.557
357 2.415 2.561 2.568 2.565
358 2.495 2.556 2.557 2.557
359 2.504 2.561 2.568 2.565
360 2.474 2.561 2.558 2.553
361 2.516 2.561 2.568 2.559
362 2.358 2.556 2.557 2.557
363 2.573 2.561 2.557 2.559
364 2.518 2.561 2.557 2.557
365 2.548 2.557 2.557 2.565
366 2.560 2.557 2.568 2.553
367 2.560 2.562 2.557 2.565
368 2.572 2.556 2.557 2.557
369 2.591 2.556 2.568 2.565
370 2.603 2.564 2.560 2.560
371 2.634 2.562 2.558 2.566
372 2.589 2.562 2.570 2.566
373 2.605 2.562 2.558 2.564
374 2.610 2.562 2.558 2.560
375 2.613 2.557 2.558 2.554
376 2.623 2.562 2.558 2.566
377 2.598 2.562 2.559 2.554
378 2.622 2.563 2.559 2.555
379 2.624 2.562 2.558 2.558
380 2.625 2.558 2.558 2.554
381 2.643 2.563 2.558 2.564
382 2.647 2.558 2.559 2.564
383 2.652 2.562 2.558 2.566
384 2.652 2.563 2.559 2.567
385 2.669 2.557 2.557 2.557
386 2.675 2.561 2.558 2.554
387 2.683 2.556 2.558 2.553
388 2.683 2.564 2.560 2.566
389 2.699 2.560 2.561 2.563
390 2.703 2.557 2.559 2.566
391 2.709 2.564 2.560 2.566
392 2.716 2.562 2.558 2.554
393 2.716 2.560 2.560 2.560
394 2.733 2.563 2.564 2.566
395 2.737 2.567 2.563 2.564
396 2.758 2.562 2.563 2.571
397 2.763 2.563 2.559 2.561
398 2.766 2.563 2.559 2.555
399 2.773 2.558 2.560 2.559
400 2.783 2.558 2.558 2.566
401 2.789 2.563 2.559 2.561
402 2.791 2.562 2.574 2.570
403 2.818 2.563 2.559 2.567
404 2.825 2.563 2.559 2.561
405 2.828 2.557 2.570 2.558
406 2.510 2.557 2.557 2.563
407 2.342 2.556 2.558 2.565
408 2.380 2.556 2.557 2.557
409 2.528 2.562 2.557 2.553
410 2.537 2.562 2.557 2.563
411 2.550 2.557 2.558 2.565
412 2.556 2.561 2.558 2.557
413 2.599 2.562 2.558 2.559
414 2.605 2.562 2.558 2.563
415 2.614 2.562 2.558 2.557
416 2.736 2.562 2.558 2.559
417 2.623 2.557 2.557 2.559
418 2.572 2.556 2.557 2.553
419 2.693 2.561 2.561 2.557
420 2.299 2.556 2.557 2.557
421 2.612 2.561 2.557 2.553
422 2.279 2.556 2.557 2.565
423 2.403 2.556 2.568 2.556
424 2.283 2.561 2.556 2.564
425 2.274 2.561 2.557 2.558
426 2.292 2.561 2.557 2.552
427 2.295 2.561 2.557 2.553
428 2.314 2.557 2.557 2.559
429 2.324 2.561 2.568 2.565
430 2.328 2.561 2.557 2.563
431 2.328 2.561 2.557 2.556
432 2.579 2.562 2.557 2.565
433 2.449 2.561 2.557 2.564
434 2.400 2.561 2.557 2.562
435 2.403 2.562 2.557 2.559
436 2.498 2.561 2.567 2.562
437 2.340 2.559 2.567 2.552
438 2.578 2.557 2.557 2.557
439 2.510 2.561 2.557 2.553
440 2.514 2.561 2.557 2.553
441 2.563 2.556 2.557 2.563
442 2.562 2.561 2.557 2.565
443 2.580 2.561 2.557 2.559
444 2.594 2.561 2.557 2.557
445 2.538 2.561 2.568 2.565
446 2.403 2.556 2.557 2.565
447 2.334 2.561 2.557 2.562
448 2.334 2.554 2.556 2.555
449 2.360 2.560 2.567 2.558
450 2.502 2.560 2.557 2.553
451 2.518 2.561 2.557 2.565
452 2.428 2.560 2.556 2.561
453 2.467 2.560 2.557 2.556
454 2.467 2.555 2.557 2.564
455 2.483 2.560 2.568 2.553
456 2.486 2.561 2.557 2.552
457 2.431 2.560 2.557 2.553
458 2.594 2.561 2.557 2.558
459 2.469 2.561 2.557 2.564
460 2.427 2.560 2.556 2.562
461 2.412 2.555 2.556 2.556
462 2.384 2.555 2.556 2.563
463 2.347 2.559 2.556 2.561
464 2.339 2.555 2.555 2.555
465 2.436 2.561 2.568 2.562
466 2.470 2.556 2.557 2.564
467 2.427 2.555 2.557 2.552
468 2.364 2.556 2.557 2.562
469 2.339 2.560 2.557 2.564
470 2.452 2.561 2.557 2.552
471 2.329 2.554 2.556 2.555
472 2.501 2.560 2.556 2.562
473 2.373 2.559 2.567 2.552
474 2.482 2.555 2.567 2.562
475 2.321 2.555 2.567 2.562
476 2.314 2.555 2.556 2.561
477 2.312 2.560 2.556 2.558
478 2.321 2.555 2.566 2.557
479 2.318 2.554 2.555 2.561
480 2.459 2.560 2.555 2.558
481 2.461 2.561 2.568 2.562
482 2.594 2.561 2.557 2.557
483 2.371 2.560 2.556 2.564
484 2.456 2.560 2.557 2.564
485 2.636 2.561 2.557 2.565
486 2.591 2.561 2.557 2.563
487 2.603 2.561 2.568 2.559
488 2.522 2.561 2.557 2.562
489 2.447 2.560 2.557 2.556
490 2.495 2.561 2.557 2.562
491 2.537 2.556 2.557 2.559
492 2.512 2.561 2.557 2.559
493 2.530 2.556 2.557 2.565
494 2.605 2.557 2.557 2.553
495 2.580 2.561 2.557 2.565
496 2.656 2.561 2.557 2.563
497 2.209 2.556 2.556 2.556
498 2.581 2.561 2.568 2.557
499 2.675 2.561 2.557 2.557
500 2.644 2.561 2.557 2.557
501 2.656 2.561 2.557 2.563
502 2.446 2.556 2.567 2.552
503 2.583 2.561 2.557 2.565
504 2.398 2.561 2.556 2.564
505 2.538 2.561 2.557 2.553
506 2.537 2.560 2.557 2.557
507 2.513 2.561 2.557 2.553
508 2.520 2.561 2.557 2.565
509 2.510 2.556 2.567 2.564
510 2.442 2.560 2.556 2.552
511 2.554 2.555 2.556 2.564
512 2.560 2.560 2.557 2.553
513 2.530 2.561 2.567 2.556
514 2.412 2.560 2.556 2.562
515 2.431 2.559 2.566 2.555
516 2.481 2.561 2.557 2.559
517 2.473 2.561 2.557 2.565
518 2.338 2.555 2.556 2.561
519 2.459 2.561 2.557 2.564
520 2.386 2.560 2.556 2.556
521 2.338 2.560 2.556 2.564
522 2.452 2.556 2.557 2.562
523 2.489 2.554 2.555 2.555
524 2.332 2.555 2.556 2.552
525 2.337 2.560 2.556 2.552
526 2.493 2.561 2.557 2.557
527 2.531 2.561 2.557 2.562
528 2.510 2.557 2.557 2.557
529 2.297 2.555 2.556 2.556
530 2.382 2.556 2.556 2.564
531 2.371 2.560 2.567 2.558
532 2.554 2.560 2.557 2.553
533 2.350 2.560 2.556 2.556
534 2.373 2.559 2.556 2.564
535 2.377 2.560 2.556 2.564
536 2.393 2.556 2.556 2.564
537 2.426 2.556 2.557 2.557
538 2.431 2.561 2.557 2.562
539 2.373 2.560 2.556 2.564
540 2.473 2.559 2.555 2.561
541 2.400 2.555 2.556 2.558
542 2.328 2.560 2.556 2.562
543 2.308 2.555 2.556 2.552
544 2.305 2.559 2.556 2.564
545 2.474 2.556 2.557 2.557
546 2.512 2.561 2.557 2.565
547 2.312 2.559 2.556 2.556
548 2.369 2.560 2.556 2.564
549 2.348 2.560 2.567 2.558
550 2.456 2.561 2.567 2.562
551 2.522 2.561 2.568 2.552
552 2.367 2.555 2.556 2.552
553 2.398 2.559 2.556 2.555
554 2.505 2.556 2.568 2.562
555 2.491 2.556 2.557 2.556
556 2.348 2.556 2.556 2.562
557 2.358 2.560 2.567 2.555
558 2.400 2.556 2.556 2.564
559 2.504 2.560 2.557 2.559
560 2.332 2.560 2.555 2.557
561 2.334 2.559 2.556 2.561
562 2.367 2.560 2.556 2.558
563 2.295 2.560 2.556 2.562
564 2.318 2.560 2.556 2.558
565 2.500 2.556 2.568 2.565
566 2.330 2.560 2.556 2.561
567 2.590 2.555 2.556 2.552
568 2.569 2.561 2.558 2.553
569 2.530 2.560 2.557 2.559
570 2.543 2.556 2.567 2.552
571 2.540 2.556 2.557 2.565
572 2.574 2.557 2.568 2.559
573 2.565 2.556 2.557 2.553
574 2.540 2.556 2.557 2.565
575 2.555 2.561 2.557 2.558
576 2.530 2.555 2.568 2.559
577 2.502 2.561 2.556 2.562
578 2.530 2.560 2.556 2.564
579 2.504 2.555 2.557 2.556
580 2.560 2.556 2.557 2.565
581 2.533 2.561 2.568 2.562
582 2.545 2.560 2.557 2.562
583 2.566 2.556 2.557 2.559
584 2.558 2.561 2.557 2.563
585 2.509 2.556 2.568 2.562
586 2.545 2.561 2.557 2.563
587 2.562 2.561 2.557 2.556
588 2.571 2.556 2.568 2.563
589 2.535 2.561 2.557 2.565
590 2.575 2.557 2.558 2.553
591 2.561 2.560 2.557 2.553
592 2.572 2.562 2.558 2.564
593 2.631 2.561 2.558 2.565
594 2.579 2.561 2.558 2.563
595 2.569 2.561 2.558 2.563
596 2.549 2.561 2.557 2.559
597 2.540 2.556 2.567 2.558
598 2.522 2.561 2.557 2.553
599 2.517 2.561 2.557 2.552
600 2.512 2.556 2.557 2.559
601 2.473 2.555 2.556 2.558
602 2.452 2.559 2.556 2.564
603 2.367 2.559 2.556 2.558
604 2.308 2.560 2.567 2.558
605 2.553 2.561 2.557 2.559
606 2.554 2.556 2.557 2.553
607 2.627 2.556 2.557 2.553
608 2.642 2.561 2.557 2.563
609 2.642 2.562 2.558 2.557
610 2.646 2.563 2.560 2.556
611 2.646 2.557 2.558 2.565
612 2.648 2.556 2.558 2.565
613 2.656 2.557 2.557 2.559
614 2.659 2.561 2.569 2.563
615 2.659 2.565 2.561 2.560
616 2.660 2.558 2.558 2.554
617 2.694 2.558 2.558 2.558
618 2.517 2.555 2.568 2.557
619 2.476 2.561 2.568 2.563
620 2.533 2.556 2.557 2.562
621 2.600 2.561 2.568 2.565
622 2.643 2.561 2.558 2.565
623 2.545 2.560 2.557 2.565
624 2.542 2.556 2.557 2.557
625 2.438 2.557 2.568 2.565
626 2.318 2.560 2.557 2.558
627 2.590 2.556 2.568 2.557
628 2.538 2.561 2.557 2.557
629 2.508 2.561 2.557 2.562
630 2.514 2.560 2.568 2.563
631 2.495 2.561 2.568 2.559
632 2.556 2.561 2.558 2.563
633 2.636 2.560 2.568 2.553
634 2.616 2.560 2.557 2.556
635 2.636 2.561 2.558 2.559
636 2.665 2.561 2.557 2.553
637 2.599 2.562 2.558 2.553
638 2.588 2.560 2.557 2.559
639 2.568 2.556 2.557 2.553
640 2.662 2.556 2.568 2.565
641 2.612 2.561 2.557 2.553
642 2.493 2.556 2.557 2.565
643 2.403 2.560 2.556 2.552
644 2.470 2.556 2.556 2.556
645 2.631 2.561 2.557 2.563
646 2.513 2.555 2.557 2.562
647 2.505 2.561 2.557 2.562
648 2.548 2.561 2.568 2.565
649 2.555 2.556 2.557 2.565
650 2.531 2.556 2.568 2.552
651 2.653 2.556 2.558 2.553
652 2.600 2.556 2.557 2.557
653 2.572 2.555 2.557 2.559
654 2.600 2.561 2.557 2.562
655 2.559 2.561 2.568 2.563
656 2.505 2.560 2.556 2.564
657 2.526 2.561 2.557 2.563
658 2.574 2.560 2.568 2.563
659 2.639 2.560 2.568 2.557
660 2.644 2.556 2.558 2.553
661 2.605 2.555 2.557 2.553
662 2.642 2.556 2.557 2.562
663 2.412 2.560 2.567 2.564
664 2.447 2.556 2.557 2.558
665 2.600 2.556 2.557 2.556
666 2.438 2.556 2.557 2.562
667 2.603 2.556 2.558 2.553
668 2.520 2.556 2.568 2.556
669 2.517 2.556 2.557 2.556
670 2.114 2.560 2.557 2.557
671 2.233 2.561 2.557 2.565
672 2.238 2.556 2.557 2.565
673 2.272 2.561 2.557 2.559
674 2.299 2.561 2.557 2.563
675 2.299 2.560 2.568 2.559
676 2.308 2.557 2.557 2.557
677 2.348 2.561 2.568 2.553
678 2.348 2.561 2.557 2.559
679 2.406 2.561 2.568 2.565
680 2.518 2.556 2.557 2.559
681 2.525 2.556 2.557 2.559
682 2.537 2.560 2.557 2.559
683 2.538 2.560 2.557 2.553
684 2.540 2.560 2.557 2.553
685 2.560 2.556 2.557 2.563
686 2.560 2.557 2.557 2.553
687 2.560 2.556 2.557 2.563
688 2.563 2.560 2.557 2.557
689 2.566 2.562 2.557 2.563
690 2.584 2.557 2.569 2.560
691 2.588 2.560 2.557 2.565
692 2.589 2.556 2.557 2.559
693 2.589 2.557 2.558 2.560
694 2.591 2.557 2.557 2.553
695 2.593 2.558 2.569 2.554
696 2.594 2.561 2.558 2.563
697 2.595 2.561 2.558 2.557
698 2.614 2.557 2.558 2.560
699 2.618 2.562 2.558 2.558
700 2.622 2.562 2.569 2.560
701 2.622 2.557 2.558 2.566
702 2.628 2.561 2.557 2.553
703 2.634 2.562 2.559 2.558
704 2.635 2.556 2.568 2.563
705 2.636 2.561 2.568 2.557
706 2.660 2.557 2.558 2.554
707 2.662 2.562 2.569 2.558
708 2.675 2.562 2.558 2.560
709 2.677 2.557 2.568 2.565
710 2.679 2.562 2.570 2.559
711 2.686 2.565 2.561 2.563
712 2.694 2.565 2.561 2.557
713 2.702 2.562 2.558 2.560
714 2.710 2.558 2.570 2.559
715 2.719 2.562 2.558 2.554
716 2.732 2.568 2.576 2.570
717 2.735 2.562 2.558 2.563
718 2.740 2.557 2.558 2.566
719 2.762 2.568 2.564 2.570
720 2.764 2.567 2.564 2.559
721 2.777 2.564 2.566 2.565
722 2.778 2.558 2.558 2.564
723 2.791 2.567 2.564 2.560
724 2.795 2.567 2.563 2.570
725 2.797 2.564 2.560 2.562
726 2.616 2.561 2.557 2.559
727 2.491 2.557 2.557 2.565
728 2.526 2.562 2.558 2.557
729 2.581 2.556 2.557 2.565
730 2.639 2.560 2.557 2.565
731 2.594 2.556 2.557 2.562
732 2.318 2.560 2.567 2.562
733 2.666 2.561 2.557 2.557
734 2.534 2.561 2.557 2.563
735 2.344 2.556 2.556 2.562
736 2.592 2.561 2.557 2.563
737 2.398 2.556 2.556 2.564
738 2.444 2.560 2.556 2.564
739 2.467 2.555 2.557 2.564
740 2.610 2.556 2.557 2.563
741 2.584 2.560 2.557 2.563
742 2.375 2.560 2.556 2.552
743 2.514 2.561 2.557 2.557
744 2.602 2.560 2.568 2.563
745 2.622 2.561 2.557 2.565
746 2.605 2.556 2.558 2.563
747 2.484 2.559 2.567 2.564
748 2.342 2.556 2.556 2.556
749 2.484 2.559 2.567 2.558
750 2.364 2.560 2.567 2.558
751 2.358 2.560 2.556 2.564
752 2.562 2.561 2.556 2.562
753 2.505 2.556 2.557 2.552
754 2.656 2.561 2.556 2.564
755 2.459 2.561 2.567 2.556
756 2.504 2.560 2.556 2.558
757 2.614 2.558 2.560 2.561
758 2.618 2.564 2.571 2.568
759 2.622 2.563 2.559 2.564
760 2.627 2.564 2.561 2.556
761 2.642 2.563 2.559 2.567
762 2.645 2.560 2.560 2.568
763 2.647 2.564 2.560 2.568
764 2.652 2.563 2.559 2.559
765 2.654 2.563 2.560 2.560
766 2.656 2.560 2.560 2.560
767 2.656 2.565 2.561 2.563
768 2.662 2.560 2.561 2.560
769 2.664 2.564 2.560 2.568
770 2.666 2.560 2.561 2.556
771 2.670 2.559 2.560 2.562
772 2.670 2.563 2.560 2.567
773 2.672 2.559 2.571 2.562
774 2.675 2.563 2.560 2.568
775 2.675 2.565 2.561 2.560
776 2.680 2.565 2.561 2.560
777 2.680 2.564 2.561 2.568
778 2.684 2.564 2.560 2.565
779 2.684 2.564 2.560 2.566
780 2.689 2.564 2.560 2.568
781 2.689 2.558 2.559 2.555
782 2.693 2.559 2.572 2.562
783 2.693 2.564 2.560 2.559
784 2.694 2.562 2.559 2.566
785 2.694 2.564 2.560 2.565
786 2.695 2.557 2.569 2.554
787 2.697 2.563 2.560 2.559
788 2.697 2.559 2.561 2.556
789 2.699 2.559 2.560 2.568
790 2.699 2.564 2.560 2.565
791 2.700 2.559 2.560 2.565
792 2.700 2.563 2.570 2.555
793 2.702 2.564 2.561 2.561
794 2.705 2.558 2.558 2.561
795 2.706 2.564 2.560 2.566
796 2.708 2.558 2.558 2.554
797 2.708 2.562 2.558 2.554
798 2.710 2.557 2.559 2.567
799 2.710 2.560 2.560 2.556
800 2.715 2.560 2.561 2.566
801 2.719 2.558 2.570 2.559
802 2.719 2.562 2.559 2.561
803 2.719 2.564 2.560 2.563
804 2.728 2.559 2.571 2.560
805 2.731 2.559 2.559 2.555
806 2.731 2.560 2.561 2.556
807 2.731 2.565 2.560 2.568
808 2.735 2.564 2.561 2.566
809 2.740 2.559 2.560 2.565
810 2.743 2.565 2.572 2.561
811 2.744 2.559 2.571 2.556
812 2.795 2.562 2.557 2.557
813 2.801 2.560 2.561 2.556
814 2.719 2.564 2.565 2.572
815 2.764 2.565 2.561 2.556
816 2.732 2.566 2.562 2.557
817 2.791 2.562 2.563 2.565
818 2.740 2.567 2.562 2.562
819 2.737 2.562 2.563 2.562
820 2.767 2.569 2.565 2.564
821 2.777 2.568 2.575 2.563
822 2.821 2.568 2.565 2.571
823 2.818 2.570 2.576 2.565
824 2.831 2.565 2.565 2.573
825 2.766 2.565 2.566 2.561
826 2.839 2.570 2.576 2.573
827 2.815 2.569 2.564 2.560
828 2.769 2.569 2.565 2.561
829 2.773 2.564 2.565 2.561
830 2.823 2.567 2.563 2.571
831 2.814 2.568 2.564 2.566
832 2.795 2.563 2.575 2.572
833 2.791 2.563 2.565 2.572
834 2.795 2.564 2.565 2.564
835 2.801 2.566 2.574 2.564
836 2.762 2.570 2.576 2.565
837 2.797 2.559 2.560 2.568
838 2.810 2.566 2.561 2.562
839 2.791 2.559 2.560 2.566
840 2.789 2.559 2.560 2.560
841 2.772 2.563 2.571 2.556
842 2.763 2.559 2.560 2.566
843 2.758 2.566 2.562 2.562
844 2.762 2.565 2.562 2.563
845 2.725 2.562 2.562 2.571
846 2.706 2.561 2.562 2.563
847 2.723 2.570 2.567 2.565
848 2.808 2.568 2.565 2.560
849 2.795 2.565 2.562 2.558
850 2.762 2.566 2.562 2.563
851 2.778 2.562 2.562 2.562
852 2.812 2.566 2.562 2.563
853 2.768 2.562 2.562 2.571
854 2.730 2.568 2.563 2.563
855 2.762 2.564 2.561 2.567
856 2.740 2.565 2.561 2.557
857 2.756 2.565 2.561 2.563
858 2.758 2.568 2.565 2.567
859 2.778 2.564 2.564 2.560
860 2.762 2.565 2.566 2.572
861 2.821 2.569 2.576 2.565
862 2.821 2.564 2.566 2.573
863 2.788 2.565 2.566 2.561
864 2.817 2.566 2.563 2.565
865 2.838 2.564 2.559 2.561
866 2.808 2.566 2.562 2.562
867 2.805 2.564 2.571 2.561
868 2.812 2.564 2.560 2.561
869 2.777 2.561 2.561 2.569
870 2.714 2.568 2.564 2.565
871 2.788 2.558 2.559 2.555
